      nan
      nan
      nan
      nan
      nan
      nan
      nan
      nan
      nan
      nan
      nan
      nan
      nan
      nan
      nan
      nan
      nan
      nan
      nan
      nan
      nan
      nan
      nan
      nan
      nan
      nan
      nan
      nan
      nan
      nan
      nan
      nan
      nan
      nan
      nan
      nan
      nan
      nan
      nan
      nan
      nan
      nan
      nan
      nan
      nan
0.0000000000000000000000000000000
    nan
      nan
      nan
      nan
      nan
      nan
      nan
      nan
      nan
      nan
      nan
      nan
      nan
      nan
      nan
      nan
      nan
      nan
      nan
      nan
      nan
      nan
      nan
      nan
      nan
      nan
      nan
      nan
      nan
      nan
0.0000000000000000000000000000000
87883132696151733
5602.9399774983276074635796248912811
5609.2693454362488409969955682754517
5615.5995826220560047659091651439667
5621.9306700023671510280109941959381
5628.2625885901916262810118496417999
5634.5953194646062911488115787506104
5640.9288437704180978471413254737854
5647.2631427178494050167500972747803
5653.5981975822105596307665109634399
5659.9339897035797548596747219562531
5666.2705004864874354097992181777954
5672.6077113995952458935789763927460
5678.9456039753804361680522561073303
5685.2841598098120812210254371166229
5691.6233605620527669088914990425110
5697.9631879541366288322024047374725
5704.3036237706610336317680776119232
5710.6446498584746223059482872486115
5716.9862481263735389802604913711548
5723.3284005447931122034788131713867
5729.6710891455040837172418832778931
5736.0142960213042897521518170833588
5742.3580033257248942391015589237213
5748.7021932727184321265667676925659
5755.0468481363759565283544361591339
5761.3919502506105345673859119415283
5767.7374820088771230075508356094360
5774.0834258638669780339114367961884
5780.4297643272157074534334242343903
5786.7764799692131418851204216480255
5793.1235554185177534236572682857513
5799.4709733618565223878249526023865
5805.8187165437411749735474586486816
5812.1667677661926063592545688152313
5818.5151098884316525072790682315826
5824.8637258266235221526585519313812
5831.2125985535685686045326292514801
5837.5617110984439932508394122123718
5843.9110465465128072537481784820557
5850.2605880388418881921097636222839
5856.6103187720318601350300014019012
5862.9602219979433357366360723972321
5869.3102810234158823732286691665649
5875.6604792099979022168554365634918
5882.0107999736792407929897308349609
5888.3612267846083341282792389392853
5894.7117431668430072022601962089539
5901.0623326980639831162989139556885
5907.4129790093211340717971324920654
5913.7636657847615424543619155883789
5920.1143767613675663596950471401215
5926.4650957286930861300788819789886
5932.8158065286124838166870176792145
5939.1664930550459757796488702297211
5945.5171392537113206344656646251678
5951.8677291218591562937945127487183
5958.2182467080228889244608581066132
5964.5686761117694913991726934909821
5970.9190014834293833700940012931824
5977.2692070238590531516820192337036
5983.6192769841827612253837287425995
5989.9691956655478861648589372634888
5996.3189474188729946035891771316528
6002.6685166446022776653990149497986
6009.0178877924599873949773609638214
6015.3670453612057826831005513668060
6021.7159738983900751918554306030273
6028.0646580001057373010553419589996
6034.4130823107716423692181706428528
6040.7612315228570878389291465282440
6047.1090903766689734766259789466858
6053.4566436601144232554361224174500
6059.8038762084433983545750379562378
6066.1507729040404228726401925086975
6072.4973186761690158164128661155701
6078.8434985007534123724326491355896
6085.1892974001420952845364809036255
6091.5347004428795116837136447429657
6097.8796927434696044656448066234589
6104.2242594621602620463818311691284
6110.5683858047068497398868203163147
6116.9120570221493835560977458953857
6123.2552584105924324830994009971619
6129.5979753109768353169783949851990
6135.9401931088541459757834672927856
6142.2818972341810876969248056411743
6148.6230731610803559306077659130096
6154.9637064076368915266357362270355
6161.3037825356723260483704507350922
6167.6432871505248840549029409885406
6173.9822059008502037613652646541595
6180.3205244783921443740837275981903
6186.6582286177681453409604728221893
6192.9953040962764134746976196765900
6199.3317367336603638250380754470825
6205.6675123919203542754985392093658
6212.0026169750817643944174051284790
6218.3370364290130964946001768112183
6224.6707567411986019578762352466583
6231.0037639405472873477265238761902
6237.3360440971737261861562728881836
6243.6675833222097935504280030727386
6249.9983677675954822916537523269653
6256.3283836258706287480890750885010
6262.6576171299875568365678191184998
6268.9860545531055322499014437198639
6275.3136822083888546330854296684265
6281.6404864488176826853305101394653
6287.9664536669824883574619889259338
6294.2915702948994294274598360061646
6300.6158228038075321819633245468140
6306.9391977039804260130040347576141
6313.2616815445317115518264472484589
6319.5832609132248762762174010276794
6325.9039224362795721390284597873688
6332.2236527781933546066284179687500
6338.5424386415397748351097106933594
6344.8602667667873902246356010437012
6351.1771239321178654790855944156647
6357.4929969532331597292795777320862
6363.8078726831736275926232337951660
6370.1217380121370297274552285671234
6376.4345798672975433873943984508514
6382.7463852126165875233709812164307
6389.0571410486700187902897596359253
6395.3668344124571376596577465534210
6401.6754523772460743202827870845795
6407.9829820523682428756728768348694
6414.2894105830591797712258994579315
6420.5947251502766448538750410079956
6426.8989129705250888946466147899628
6433.2019612956864875741302967071533
6439.5038574128411710262298583984375
6445.8045886441004768130369484424591
6452.1041423464284889632835984230042
6458.4025059114819669048301875591278
6464.6996667654339034925214946269989
6470.9956123688025400042533874511719
6477.2903302162958425469696521759033
6483.5838078366277841269038617610931
6489.8760327923664590343832969665527
6496.1669926797603693557903170585632
6502.4566751285774444113485515117645
6508.7450678019440601929090917110443
6515.0321583961758733494207262992859
6521.3179346406250260770320892333984
6527.6023842975073421257548034191132
6533.8854951617558981524780392646790
6540.1672550608527672011405229568481
6546.4476518546734951087273657321930
6552.7266734353279389324598014354706
6559.0043077270056528504937887191772
6565.2805426858221835573203861713409
6571.5553662996589991962537169456482
6577.8287665880097847548313438892365
6584.1007316018321944284252822399139
6590.3712494233868710580281913280487
6596.6403081660964744514785706996918
6602.9078959743874293053522706031799
6609.1740010235398585791699588298798
6615.4386115195356978802010416984558
6621.7017156989213617634959518909454
6627.9633018286449441802687942981720
6634.2233582059207037673331797122955
6640.4818731580735402530990540981293
6646.7388350424071177258156239986420
6652.9942322460419745766557753086090
6659.2480531857809182838536798954010
6665.5002863079689632286317646503448
6671.7509200883423545747064054012299
6677.9999430318957820418290793895721
6684.2473436727277658064849674701691
6690.4931105739160557277500629425049
6696.7372323273684742162004113197327
6702.9796975536864920286461710929871
6709.2204949020324420416727662086487
6715.4596130499794526258483529090881
6721.6970407033804804086685180664062
6727.9327665962446189951151609420776
6734.1667794905788468895480036735535
6740.3990681762788881314918398857117
6746.6296214709773266804404556751251
6752.8584282199080917052924633026123
6759.0854772957918612519279122352600
6765.3107575986905430909246206283569
6771.5342580558781264699064195156097
6777.7559676217142623499967157840729
6783.9758752775123866740614175796509
6790.1939700314114816137589514255524
6796.4102409182405608589760959148407
6802.6246769994049827801063656806946
6808.8372673627491167280822992324829
6815.0480011224344707443378865718842
6821.2568674188114528078585863113403
6827.4638554182920415769331157207489
6833.6689543132333710673265159130096
6839.8721533218076729099266231060028
6846.0734416878813135554082691669464
6852.2728086808929219841957092285156
6858.4702435957306079217232763767242
6864.6657357526073610642924904823303
6870.8592744969519117148593068122864
6877.0508491992741255671717226505280
6883.2404492550540453521534800529480
6889.4280640846291134948842227458954
6895.6136831330604763934388756752014
6901.7972958700320305069908499717712
6907.9788917897158171399496495723724
6914.1584604106756160035729408264160
6920.3359912757423444418236613273621
6926.5114739518903661519289016723633
6932.6848980301410847459919750690460
6938.8562531254328860086388885974884
6945.0255288765165460063144564628601
6951.1927149458442727336660027503967
6957.3578010194487433182075619697571
6963.5207768068430596031248569488525
6969.6816320409034233307465910911560
6975.8403564777545398101210594177246
6981.9969398966723019839264452457428
6988.1513720999637371278367936611176
6994.3036429128615054651163518428802
7000.4537421834284032229334115982056
7006.6016597824245764059014618396759
7012.7473856032202093047089874744415
7018.8909095616818376583978533744812
7025.0322215960768517106771469116211
7031.1713116669479859410785138607025
7037.3081697570341930259019136428833
7043.4427858711414955905638635158539
7049.5751500360611316864378750324249
7055.7052523004485919955186545848846
7061.8330827347363083390519022941589
7067.9586314310245143133215606212616
7074.0818885029766533989459276199341
7080.2028440857247915118932723999023
7086.3214883357686630915850400924683
7092.4378114308701697154901921749115
7098.5518035699624306289479136466980
7104.6634549730451908544637262821198
7110.7727558810847767745144665241241
7116.8796965559295131242834031581879
7122.9842672801914886804297566413879
7129.0864583571683397167362272739410
7135.1862601107377486187033355236053
7141.2836628852674039080739021301270
7147.3786570455131368362344801425934
7153.4712329765279719140380620956421
7159.5613810835657204734161496162415
7165.6490917919991261442191898822784
7171.7343555472070875111967325210571
7177.8171628144946225802414119243622
7183.8975040789955528452992439270020
7189.9753698455888297758065164089203
7196.0507506387939429259859025478363
7202.1236370026963413693010807037354
7208.1940195008419323130510747432709
7214.2618887161570455646142363548279
7220.3272352508511175983585417270660
7226.3900497263393845059908926486969
7232.4503227831455660634674131870270
7238.5080450808118257555179297924042
7244.5632072978205542312934994697571
7250.6158001314997818553820252418518
7256.6658142979385957005433738231659
7262.7132405319071040139533579349518
7268.7580695867554823053069412708282
7274.8002922343448517494834959506989
7280.8398992649572392110712826251984
7286.8768814872028087847866117954254
7292.9112297279543781769461929798126
7298.9429348322437363094650208950043
7304.9719876631934312172234058380127
7310.9983791019230920937843620777130
7317.0221000474766697152517735958099
7323.0431414167396724224090576171875
7329.0614941443463976611383259296417
7335.0771491826199053321033716201782
7341.0900975014692448894493281841278
7347.1003300883230622275732457637787
7353.1078379480495641473680734634399
7359.1126121028692068648524582386017
7365.1146435922883028979413211345673
7371.1139234730089810909703373908997
7377.1104428188582460279576480388641
7383.1041927207079424988478422164917
7389.0951642864001769339665770530701
7395.0833486406618249020539224147797
7401.0687369250426854705438017845154
7407.0513202978308981982991099357605
7413.0310899339810930541716516017914
7419.0080370250252599362283945083618
7424.9821527790272739366628229618073
7430.9534284204819414298981428146362
7436.9218551902458784752525389194489
7442.8874243454783936613239347934723
7448.8501271595578145934268832206726
7454.8099549220050903386436402797699
7460.7668989384183078072965145111084
7466.7209505304017511662095785140991
7472.6721010354913232731632888317108
7478.6203418070826955954544246196747
7484.5656642143612771178595721721649
7490.5080596422340022400021553039551
7496.4475194912583901896141469478607
7502.3840351775706949410960078239441
7508.3175981328176931128837168216705
7514.2481998040957478224299848079681
7520.1758316538671351736411452293396
7526.1004851599063840694725513458252
7532.0221518152266071410849690437317
7537.9408231280094696558080613613129
7543.8564906215415248880162835121155
7549.7691458341532779741100966930389
7555.6787803191373313893564045429230
7561.5853856447001817286945879459381
7567.4889533938867316464893519878387
7573.3894751645193537115119397640228
7579.2869425691296783043071627616882
7585.1813472348976574721746146678925
7591.0726808035860813106410205364227
7596.9609349314760038396343588829041
7602.8461012893058068584650754928589
7608.7281715622048068325966596603394
7614.6071374496395947062410414218903
7620.4829906653385478421114385128021
7626.3557229372399888234212994575500
7632.2253260074257923406548798084259
7638.0917916320686344988644123077393
7643.9551115813555952627211809158325
7649.8152776394490501843392848968506
7655.6722816044039063854143023490906
7661.5261152881221278221346437931061
7667.3767705162963466136716306209564
7673.2242391283389224554412066936493
7679.0685129773291919264011085033417
7684.9095839299598083016462624073029
7690.7474438664730769232846796512604
7696.5820846806009285501204431056976
7702.4134982795167161384597420692444
7708.2416765837760976864956319332123
7714.0666115272470051422715187072754
7719.8882950570741741103120148181915
7725.7067191336127507383935153484344
7731.5218757303682650672271847724915
7737.3337568339557037688791751861572
7743.1423544440285695600323379039764
7748.9476605732379539404064416885376
7754.7496672471661440795287489891052
7760.5483665042911525233648717403412
7766.3437503959112291340716183185577
7772.1358109861084813019260764122009
7777.9245403516852093162015080451965
7783.7099305821257075876928865909576
7789.4919737795253240619786083698273
7795.2706620585549899260513484477997
7801.0459875464084689156152307987213
7806.8179423827341452124528586864471
7812.5865187196131955715827643871307
7818.3517087214831917663104832172394
7824.1135045651053587789647281169891
7829.8718984395018196664750576019287
7835.6268825459201252670027315616608
7841.3784490977777750231325626373291
7847.1265903206076472997665405273438
7852.8712984520225290907546877861023
7858.6125657416587273473851382732391
7864.3503844511333227274008095264435
7870.0847468539932378917001187801361
7875.8156452356706722639501094818115
7881.5430718934376272954978048801422
7887.2670191363604317302815616130829
7892.9874792852515383856371045112610
7898.7044446726276873960159718990326
7904.4179076426589745096862316131592
7910.1278605511324713006615638732910
7915.8342957654076599283143877983093
7921.5372056643618634552694857120514
7927.2365826383620515116490423679352
7932.9324190892102706129662692546844
7938.6247074301099928561598062515259
7944.3134400856151842162944376468658
7949.9986094915966532425954937934875
7955.6802080951929383445531129837036
7961.3582283547757469932548701763153
7967.0326627399053904809989035129547
7972.7035037312916756491176784038544
7978.3707438207584345946088433265686
7984.0343755111971404403448104858398
7989.6943913165287085575982928276062
7995.3507837616707547567784786224365
8001.0035453824912110576406121253967
8006.6526687257792218588292598724365
8012.2981463492005786974914371967316
8017.9399708212595214718021452426910
8023.5781347212760010734200477600098
8029.2126306393274717265740036964417
8034.8434511762325200834311544895172
8040.4705889435053904890082776546478
8046.0940365633259716560132801532745
8051.7137866684979599085636436939240
8057.3298319024215743411332368850708
8062.9421649190599055145867168903351
8068.5507783828998071840032935142517
8074.1556649689309779205359518527985
8079.7568173625959389028139412403107
8085.3542282597709345282055437564850
8090.9478903667377380770631134510040
8096.5377964001390864723362028598785
8102.1239390869595808908343315124512
8107.7063111644874879857525229454041
8113.2849053802938215085305273532867
8118.8597144921968720154836773872375
8124.4307312682376505108550190925598
8129.9979484866453276481479406356812
8135.5613589358208628254942595958710
8141.1209554142978959134779870510101
8146.6767307307227383716963231563568
8152.2286777038298168918117880821228
8157.7767891624116600723937153816223
8163.3210579452934325672686100006104
8168.8614769013183831702917814254761
8174.3980388893087365431711077690125
8179.9307367780547792790457606315613
8185.4595634462812085985206067562103
8190.9845117826462228549644351005554
8196.5055746856851328630000352859497
8202.0227450638230948243290185928345
8207.5360158353341830661520361900330
8213.0453799283277476206421852111816
8218.5508302807338623097166419029236
8224.0523598402814968721941113471985
8229.5499615644748701015487313270569
8235.0436284205770789412781596183777
8240.5333533856028225272893905639648
8246.0191294462983933044597506523132
8251.5009495991143921855837106704712
8256.9788068502111855195835232734680
8262.4526942154298012610524892807007
8267.9226047202846530126407742500305
8273.3885313999489881098270416259766
8278.8504672992403357056900858879089
8284.3084054726186877815052866935730
8289.7623389841683092527091503143311
8295.2122609075904620112851262092590
8300.6581643261833960423246026039124
8306.1000423328623583074659109115601
8311.5378880301232129568234086036682
8316.9716945300478982971981167793274
8322.4014549543007888132706284523010
8327.8271624341250571887940168380737
8333.2488101103281223913654685020447
8338.6663911332907446194440126419067
8344.0798986629561113659292459487915
8349.4893258688352943863719701766968
8354.8946659299981547519564628601074
8360.2959120350824377965182065963745
8365.6930573822992300847545266151428
8371.0860951794184074969962239265442
8376.4750186437868251232430338859558
8381.8598210023264982737600803375244
8387.2404954915455164154991507530212
8392.6170353575362241826951503753662
8397.9894338559915922814980149269104
8403.3576842522106744581833481788635
8408.7217798211040644673630595207214
8414.0817138472139049554243683815002
8419.4374796247193444287404417991638
8424.7890704574474511900916695594788
8430.1364796588986791903153061866760
8435.4797005522541439859196543693542
8440.8187264703974506119266152381897
8446.1535507559201505500823259353638
8451.4841667611635784851387143135071
8456.8105678482243092730641365051270
8462.1327473889814427820965647697449
8467.4506987651147937867790460586548
8472.7644153681412717560306191444397
8478.0738905994312517577782273292542
8483.3791178702413162682205438613892
8488.6800906017469969810917973518372
8493.9768022250664216699078679084778
8499.2692461813021509442478418350220
8504.5574159215648251120001077651978
8509.8413049070240958826616406440735
8515.1209066089286352507770061492920
8520.3962145086679811356589198112488
8525.6672220977907272754237055778503
8530.9339228780609118985012173652649
8536.1963103615071304375305771827698
8541.4543780704552773386240005493164
8546.7081195375903917010873556137085
8551.9575283060057699913159012794495
8557.2025979292466217884793877601624
8562.4433219713700964348390698432922
8567.6796940070180426118895411491394
8572.9117076214461121708154678344727
8578.1393564106219855602830648422241
8583.3626339812471996992826461791992
8588.5815339508608303731307387351990
8593.7960499478904239367693662643433
8599.0061756117247568909078836441040
8604.2119045927938714157789945602417
8609.4132305526291020214557647705078
8614.6101471639649389544501900672913
8619.8026481108063308056443929672241
8624.9907270885105390334501862525940
8630.1743778038890013704076409339905
8635.3535939752800913993269205093384
8640.5283693326546199386939406394958
8645.6986976177067845128476619720459
8650.8645725839523947797715663909912
8656.0259879968380118953064084053040
8661.1829376338409929303452372550964
8666.3354152845768112456426024436951
8671.4834147509191097924485802650452
8676.6269298471015645191073417663574
8681.7659543998579465551301836967468
8686.9004822485312615754082798957825
8692.0305072452028980478644371032715
8697.1560232548235944705083966255188
8702.2770241553553205449134111404419
8707.3935038378986064344644546508789
8712.5054562068507948424667119979858
8717.6128751800333702703937888145447
8722.7157546888665820006281137466431
8727.8140886785076872911304235458374
8732.9078711080237553687766194343567
8737.9970959505499195074662566184998
8743.0817571934658190002664923667908
8748.1618488385684031527489423751831
8753.2373649022538302233442664146423
8758.3082994157030043425038456916809
8763.3746464250671124318614602088928
8768.4363999916786269750446081161499
8773.4935541922459378838539123535156
8778.5461031190552603220567107200623
8783.5940408801998273702338337898254
8788.6373615997854358283802866935730
8793.6760594181650958489626646041870
8798.7101284921791375381872057914734
8803.7395629953753086738288402557373
8808.7643571182798041263595223426819
8813.7845050686319154920056462287903
8818.8000010716496035456657409667969
8823.8108393703114415984600782394409
8828.8170142256112740142270922660828
8833.8185199168510735034942626953125
8838.8153507419374363962560892105103
8843.8075010176762589253485202789307
8848.7949650800746894674375653266907
8853.7777372846721846144646406173706
8858.7558120068570133298635482788086
8863.7291836421954940306022763252258
8868.6978466067812405526638031005859
8873.6617953375971410423517227172852
8878.6210242928627849323675036430359
8883.5755279524237266741693019866943
8888.5253008181098266504704952239990
8893.4703374141663516638800501823425
8898.4106322876232297858223319053650
8903.3461800087370647815987467765808
8908.2769751714022277155891060829163
8913.2030123936056043021380901336670
8918.1242863178576953941956162452698
8923.0407916116837441222742199897766
8927.9525229680766642559319734573364
8932.8594751060027192579582333564758
8937.7616427708999253809452056884766
8942.6590207351946446578949689865112
8947.5516037988345487974584102630615
8952.4393867898434109520167112350464
8957.3223645648668025387451052665710
8962.2005320097669027745723724365234
8967.0738840402063942747190594673157
8971.9424156022614624816924333572388
8976.8061216730457090307027101516724
8981.6649972613540739985182881355286
8986.5190374083267670357599854469299
8991.3682371881404833402484655380249
8996.2125917086868867045268416404724
9001.0520961122983862878754734992981
9005.8867455764975602505728602409363
9010.7165353147374844411388039588928
9015.5414605772039067232981324195862
9020.3615166515919554512947797775269
9025.1766988639537885319441556930542
9029.9870025795207766350358724594116
9034.7924232035966269904747605323792
9039.5929561824304983019828796386719
9044.3885970041555992793291807174683
9049.1793411997223302023485302925110
9053.9651843438696232624351978302002
9058.7461220561199297662824392318726
9063.5221500018178630853071808815002
9068.2932638931688416050747036933899
9073.0594594903341203462332487106323
9077.8207326025349175324663519859314
9082.5770790892038348829373717308044
9087.3284948611562867881730198860168
9092.0749758818110421998426318168640
9096.8165181684180424781516194343567
9101.5531177933462458895519375801086
9106.2847708853987569455057382583618
9111.0114736311516026034951210021973
9115.7332222763579920865595340728760
9120.4500131273653096286579966545105
9125.1618425525884958915412425994873
9129.8687069840088952332735061645508
9134.5706029187385865952819585800171
9139.2675269205992663046345114707947
9143.9594756217757094418630003929138
9148.6464457244983350392431020736694
9153.3284340027621510671451687812805
9158.0054373041239159647375345230103
9162.6774525515302229905501008033752
9167.3444767451983352657407522201538
9172.0065069645497715100646018981934
9176.6635403702057374175637960433960
9181.3155742060316697461530566215515
9185.9626058012454450363293290138245
9190.6046325725765200331807136535645
9195.2416520264887367375195026397705
9199.8736617614795250119641423225403
9204.5006594704209419433027505874634
9209.1226429429916606750339269638062
9213.7396100681507959961891174316406
9218.3515588367063173791393637657166
9222.9584873439380316995084285736084
9227.5603937923060584580525755882263
9232.1572764942338835680857300758362
9236.7491338749714486766606569290161
9241.3359644755255430936813354492188
9245.9177669556902401382103562355042
9250.4945400971646449761465191841125
9255.0662828067324880976229906082153
9259.6329941195708670420572161674500
9264.1946732026262907311320304870605
9268.7513193580834922613576054573059
9273.3029320269433810608461499214172
9277.8495107927192293573170900344849
9282.3910553851892473176121711730957
9286.9275656843110482441261410713196
9291.4590417241925024427473545074463
9295.9854836972390330629423260688782
9300.5068919583427486941218376159668
9305.0232670292607508599758148193359
9309.5346096030643820995464920997620
9314.0409205487376311793923377990723
9318.5422009159174194792285561561584
9323.0384519397339317947626113891602
9327.5296750458110182080417871475220
9332.0158718554084771312773227691650
9336.4970441906843916513025760650635
9340.9731940801448217825964093208313
9345.4443237642044550739228725433350
9349.9104357009382511023432016372681
9354.3715325719640532042831182479858
9358.8276172885052801575511693954468
9363.2786929976264218566939234733582
9367.7247630886322440346702933311462
9372.1658311996434349566698074340820
9376.6019012243687029695138335227966
9381.0329773190442210761830210685730
9385.4590639095840742811560630798340
9389.8801656989035109290853142738342
9394.2962876744750246871262788772583
9398.7074351160608784994110465049744
9403.1136136036839161533862352371216
9407.5148290257820917759090662002563
9411.9110875876194768352434039115906
9416.3023958199119078926742076873779
9420.6887605876672751037403941154480
9425.0701890992877451935783028602600
9429.4466889159084530547261238098145
9433.8182679609835759038105607032776
9438.1849345301307039335370063781738
9442.5466973012134985765442252159119
9446.9035653447317599784582853317261
9451.2555481344443251146003603935242
9455.6026555583011941052973270416260
9459.9448979296230390900745987892151
9464.2822859985953982686623930931091
9468.6148309640593652147799730300903
9472.9425444855824025580659508705139
9477.2654386958456598222255706787109
9481.5835262133532523876056075096130
9485.8968201554307597689330577850342
9490.2053341515766078373417258262634
9494.5090823571208602515980601310730
9498.8080794672132469713687896728516
9503.1023407311695336829870939254761
9507.3918819671453093178570270538330
9511.6767195771499245893210172653198
9515.9568705624242284102365374565125
9520.2323525391784642124548554420471
9524.5031837546721362741664052009583
9528.7693831036685878643766045570374
9533.0309701452497392892837524414062
9537.2879651200164516922086477279663
9541.5403889676217659143730998039246
9545.7882633447316038655117154121399
9550.0316106433238019235432147979736
9554.2704540093454852467402815818787
9558.5048173618179134791716933250427
9562.7347254122378217289224267005920
9566.9602036844025860773399472236633
9571.1812785345937300007790327072144
9575.3979771721387805882841348648071
9579.6103276803241897141560912132263
9583.8183590376866050064563751220703
9588.0221011396715766750276088714600
9592.2215848206160444533452391624451
9596.4168418760909844422712922096252
9600.6079050855933019192889332771301
9604.7948082355451333569362759590149
9608.9775861426005576504394412040710
9613.1562746772888203850015997886658
9617.3309107878976647043600678443909
9621.5015325246822612825781106948853
9625.6681790642796840984374284744263
9629.8308907343780447263270616531372
9633.9897090386057243449613451957703
9638.1446766815970477182418107986450
9642.2958375942289421800523996353149
9646.4432369589976588031277060508728
9650.5869212354828050592914223670959
9654.7269381859186978545039892196655
9658.8633369007566216168925166130066
9662.9961678242743801092728972434998
9667.1254827801130886655300855636597
9671.2513349967503017978742718696594
9675.3737791328294406412169337272644
9679.4928713023218733724206686019897
9683.6086690994361561024561524391174
9687.7212316232798912096768617630005
9691.8306195021104940678924322128296
9695.9368949172294378513470292091370
9700.0401216263999231159687042236328
0.0000000000000000000000000000000
