T||dt||ds||dw
    0.000|| 1028.081||-2442.392||-2123.173
    1.000|| 1030.535||-2442.377||-2123.382
    2.000|| 1032.991||-2442.361||-2123.591
    3.000|| 1035.447||-2442.346||-2123.802
    4.000|| 1037.905||-2442.329||-2124.013
    5.000|| 1040.364||-2442.312||-2124.224
    6.000|| 1042.824||-2442.295||-2124.437
    7.000|| 1045.285||-2442.277||-2124.650
    8.000|| 1047.747||-2442.258||-2124.863
    9.000|| 1050.211||-2442.240||-2125.077
   10.000|| 1052.675||-2442.220||-2125.292
   11.000|| 1055.141||-2442.200||-2125.508
   12.000|| 1057.608||-2442.180||-2125.724
   13.000|| 1060.076||-2442.159||-2125.941
   14.000|| 1062.545||-2442.138||-2126.159
   15.000|| 1065.015||-2442.116||-2126.377
   16.000|| 1067.486||-2442.094||-2126.596
   17.000|| 1069.959||-2442.071||-2126.815
   18.000|| 1072.433||-2442.048||-2127.035
   19.000|| 1074.907||-2442.024||-2127.256
   20.000|| 1077.383||-2442.000||-2127.477
   21.000|| 1079.861||-2441.975||-2127.699
   22.000|| 1082.339||-2441.950||-2127.921
   23.000|| 1084.819||-2441.925||-2128.144
   24.000|| 1087.299||-2441.898||-2128.368
   25.000|| 1089.781||-2441.872||-2128.592
   26.000|| 1092.264||-2441.845||-2128.817
   27.000|| 1094.748||-2441.818||-2129.043
   28.000|| 1097.234||-2441.790||-2129.269
   29.000|| 1099.720||-2441.761||-2129.495
   30.000|| 1102.208||-2441.732||-2129.722
   31.000|| 1104.697||-2441.703||-2129.950
   32.000|| 1107.187||-2441.673||-2130.178
   33.000|| 1109.679||-2441.643||-2130.407
   34.000|| 1112.171||-2441.612||-2130.636
   35.000|| 1114.665||-2441.581||-2130.866
   36.000|| 1117.160||-2441.550||-2131.097
   37.000|| 1119.656||-2441.518||-2131.328
   38.000|| 1122.154||-2441.485||-2131.559
   39.000|| 1124.652||-2441.452||-2131.791
   40.000|| 1127.152||-2441.419||-2132.024
   41.000|| 1129.653||-2441.385||-2132.257
   42.000|| 1132.156||-2441.351||-2132.490
   43.000|| 1134.659||-2441.316||-2132.724
   44.000|| 1137.164||-2441.281||-2132.959
   45.000|| 1139.670||-2441.245||-2133.194
   46.000|| 1142.177||-2441.209||-2133.429
   47.000|| 1144.686||-2441.173||-2133.665
   48.000|| 1147.196||-2441.136||-2133.901
   49.000|| 1149.707||-2441.099||-2134.138
   50.000|| 1152.219||-2441.061||-2134.376
   51.000|| 1154.732||-2441.023||-2134.613
   52.000|| 1157.247||-2440.984||-2134.852
   53.000|| 1159.763||-2440.945||-2135.090
   54.000|| 1162.280||-2440.906||-2135.329
   55.000|| 1164.799||-2440.866||-2135.569
   56.000|| 1167.319||-2440.826||-2135.809
   57.000|| 1169.840||-2440.785||-2136.049
   58.000|| 1172.362||-2440.744||-2136.290
   59.000|| 1174.886||-2440.702||-2136.532
   60.000|| 1177.411||-2440.660||-2136.773
   61.000|| 1179.937||-2440.618||-2137.015
   62.000|| 1182.464||-2440.575||-2137.258
   63.000|| 1184.993||-2440.532||-2137.501
   64.000|| 1187.523||-2440.489||-2137.744
   65.000|| 1190.055||-2440.445||-2137.987
   66.000|| 1192.587||-2440.400||-2138.231
   67.000|| 1195.121||-2440.355||-2138.476
   68.000|| 1197.656||-2440.310||-2138.720
   69.000|| 1200.193||-2440.265||-2138.965
   70.000|| 1202.731||-2440.219||-2139.211
   71.000|| 1205.270||-2440.172||-2139.456
   72.000|| 1207.811||-2440.125||-2139.703
   73.000|| 1210.352||-2440.078||-2139.949
   74.000|| 1212.896||-2440.031||-2140.196
   75.000|| 1215.440||-2439.983||-2140.443
   76.000|| 1217.986||-2439.934||-2140.690
   77.000|| 1220.533||-2439.886||-2140.938
   78.000|| 1223.081||-2439.837||-2141.186
   79.000|| 1225.631||-2439.787||-2141.434
   80.000|| 1228.182||-2439.737||-2141.682
   81.000|| 1230.735||-2439.687||-2141.931
   82.000|| 1233.289||-2439.636||-2142.180
   83.000|| 1235.844||-2439.585||-2142.430
   84.000|| 1238.400||-2439.534||-2142.679
   85.000|| 1240.958||-2439.482||-2142.929
   86.000|| 1243.517||-2439.430||-2143.179
   87.000|| 1246.078||-2439.377||-2143.430
   88.000|| 1248.640||-2439.324||-2143.680
   89.000|| 1251.203||-2439.271||-2143.931
   90.000|| 1253.768||-2439.218||-2144.182
   91.000|| 1256.334||-2439.164||-2144.434
   92.000|| 1258.901||-2439.109||-2144.685
   93.000|| 1261.470||-2439.055||-2144.937
   94.000|| 1264.040||-2439.000||-2145.189
   95.000|| 1266.612||-2438.944||-2145.441
   96.000|| 1269.185||-2438.888||-2145.693
   97.000|| 1271.759||-2438.832||-2145.946
   98.000|| 1274.335||-2438.776||-2146.198
   99.000|| 1276.912||-2438.719||-2146.451
  100.000|| 1279.490||-2438.662||-2146.704
  101.000|| 1282.070||-2438.604||-2146.957
  102.000|| 1284.652||-2438.547||-2147.210
  103.000|| 1287.234||-2438.488||-2147.464
  104.000|| 1289.818||-2438.430||-2147.717
  105.000|| 1292.404||-2438.371||-2147.971
  106.000|| 1294.991||-2438.312||-2148.225
  107.000|| 1297.579||-2438.252||-2148.478
  108.000|| 1300.169||-2438.192||-2148.732
  109.000|| 1302.760||-2438.132||-2148.987
  110.000|| 1305.353||-2438.072||-2149.241
  111.000|| 1307.947||-2438.011||-2149.495
  112.000|| 1310.542||-2437.950||-2149.749
  113.000|| 1313.139||-2437.888||-2150.004
  114.000|| 1315.737||-2437.826||-2150.258
  115.000|| 1318.337||-2437.764||-2150.513
  116.000|| 1320.938||-2437.702||-2150.767
  117.000|| 1323.541||-2437.639||-2151.022
  118.000|| 1326.145||-2437.576||-2151.276
  119.000|| 1328.751||-2437.512||-2151.531
  120.000|| 1331.358||-2437.449||-2151.786
  121.000|| 1333.966||-2437.385||-2152.040
  122.000|| 1336.576||-2437.320||-2152.295
  123.000|| 1339.187||-2437.256||-2152.550
  124.000|| 1341.800||-2437.191||-2152.804
  125.000|| 1344.414||-2437.125||-2153.059
  126.000|| 1347.030||-2437.060||-2153.314
  127.000|| 1349.647||-2436.994||-2153.568
  128.000|| 1352.266||-2436.928||-2153.823
  129.000|| 1354.886||-2436.862||-2154.077
  130.000|| 1357.508||-2436.795||-2154.332
  131.000|| 1360.131||-2436.728||-2154.586
  132.000|| 1362.756||-2436.660||-2154.840
  133.000|| 1365.382||-2436.593||-2155.095
  134.000|| 1368.009||-2436.525||-2155.349
  135.000|| 1370.638||-2436.457||-2155.603
  136.000|| 1373.269||-2436.388||-2155.857
  137.000|| 1375.901||-2436.320||-2156.111
  138.000|| 1378.535||-2436.251||-2156.364
  139.000|| 1381.170||-2436.182||-2156.618
  140.000|| 1383.806||-2436.112||-2156.871
  141.000|| 1386.445||-2436.042||-2157.125
  142.000|| 1389.084||-2435.972||-2157.378
  143.000|| 1391.725||-2435.902||-2157.631
  144.000|| 1394.368||-2435.831||-2157.884
  145.000|| 1397.012||-2435.760||-2158.136
  146.000|| 1399.658||-2435.689||-2158.389
  147.000|| 1402.305||-2435.618||-2158.641
  148.000|| 1404.954||-2435.546||-2158.893
  149.000|| 1407.604||-2435.474||-2159.145
  150.000|| 1410.256||-2435.402||-2159.397
  151.000|| 1412.909||-2435.330||-2159.648
  152.000|| 1415.564||-2435.257||-2159.899
  153.000|| 1418.221||-2435.184||-2160.150
  154.000|| 1420.879||-2435.111||-2160.401
  155.000|| 1423.538||-2435.038||-2160.651
  156.000|| 1426.199||-2434.964||-2160.902
  157.000|| 1428.862||-2434.890||-2161.152
  158.000|| 1431.526||-2434.816||-2161.401
  159.000|| 1434.192||-2434.742||-2161.650
  160.000|| 1436.859||-2434.668||-2161.900
  161.000|| 1439.528||-2434.593||-2162.148
  162.000|| 1442.199||-2434.518||-2162.397
  163.000|| 1444.871||-2434.443||-2162.645
  164.000|| 1447.544||-2434.367||-2162.893
  165.000|| 1450.219||-2434.292||-2163.140
  166.000|| 1452.896||-2434.216||-2163.387
  167.000|| 1455.575||-2434.140||-2163.634
  168.000|| 1458.254||-2434.063||-2163.880
  169.000|| 1460.936||-2433.987||-2164.126
  170.000|| 1463.619||-2433.910||-2164.372
  171.000|| 1466.304||-2433.833||-2164.617
  172.000|| 1468.990||-2433.756||-2164.862
  173.000|| 1471.678||-2433.679||-2165.106
  174.000|| 1474.367||-2433.601||-2165.350
  175.000|| 1477.059||-2433.524||-2165.593
  176.000|| 1479.751||-2433.446||-2165.837
  177.000|| 1482.446||-2433.368||-2166.079
  178.000|| 1485.141||-2433.289||-2166.321
  179.000|| 1487.839||-2433.211||-2166.563
  180.000|| 1490.538||-2433.132||-2166.804
  181.000|| 1493.239||-2433.053||-2167.045
  182.000|| 1495.941||-2432.974||-2167.285
  183.000|| 1498.645||-2432.895||-2167.525
  184.000|| 1501.351||-2432.816||-2167.764
  185.000|| 1504.058||-2432.736||-2168.003
  186.000|| 1506.767||-2432.656||-2168.241
  187.000|| 1509.478||-2432.576||-2168.479
  188.000|| 1512.190||-2432.496||-2168.716
  189.000|| 1514.904||-2432.416||-2168.952
  190.000|| 1517.619||-2432.336||-2169.188
  191.000|| 1520.336||-2432.255||-2169.423
  192.000|| 1523.055||-2432.174||-2169.658
  193.000|| 1525.775||-2432.093||-2169.892
  194.000|| 1528.498||-2432.012||-2170.126
  195.000|| 1531.221||-2431.931||-2170.359
  196.000|| 1533.947||-2431.850||-2170.591
  197.000|| 1536.674||-2431.768||-2170.823
  198.000|| 1539.402||-2431.687||-2171.054
  199.000|| 1542.133||-2431.605||-2171.284
  200.000|| 1544.865||-2431.523||-2171.514
  201.000|| 1547.599||-2431.441||-2171.743
  202.000|| 1550.334||-2431.359||-2171.971
  203.000|| 1553.071||-2431.277||-2172.198
  204.000|| 1555.810||-2431.194||-2172.425
  205.000|| 1558.550||-2431.112||-2172.652
  206.000|| 1561.292||-2431.029||-2172.877
  207.000|| 1564.036||-2430.946||-2173.102
  208.000|| 1566.782||-2430.863||-2173.326
  209.000|| 1569.529||-2430.780||-2173.549
  210.000|| 1572.278||-2430.697||-2173.771
  211.000|| 1575.029||-2430.614||-2173.993
  212.000|| 1577.781||-2430.530||-2174.214
  213.000|| 1580.535||-2430.447||-2174.434
  214.000|| 1583.291||-2430.363||-2174.653
  215.000|| 1586.048||-2430.280||-2174.871
  216.000|| 1588.807||-2430.196||-2175.089
  217.000|| 1591.568||-2430.112||-2175.306
  218.000|| 1594.331||-2430.028||-2175.521
  219.000|| 1597.095||-2429.944||-2175.736
  220.000|| 1599.861||-2429.860||-2175.950
  221.000|| 1602.629||-2429.776||-2176.164
  222.000|| 1605.398||-2429.691||-2176.376
  223.000|| 1608.170||-2429.607||-2176.587
  224.000|| 1610.943||-2429.522||-2176.798
  225.000|| 1613.717||-2429.438||-2177.007
  226.000|| 1616.494||-2429.353||-2177.216
  227.000|| 1619.272||-2429.269||-2177.424
  228.000|| 1622.052||-2429.184||-2177.630
  229.000|| 1624.834||-2429.099||-2177.836
  230.000|| 1627.617||-2429.014||-2178.041
  231.000|| 1630.402||-2428.929||-2178.245
  232.000|| 1633.189||-2428.844||-2178.447
  233.000|| 1635.978||-2428.759||-2178.649
  234.000|| 1638.768||-2428.674||-2178.850
  235.000|| 1641.561||-2428.589||-2179.049
  236.000|| 1644.355||-2428.504||-2179.248
  237.000|| 1647.150||-2428.418||-2179.445
  238.000|| 1649.948||-2428.333||-2179.642
  239.000|| 1652.747||-2428.248||-2179.837
  240.000|| 1655.548||-2428.162||-2180.031
  241.000|| 1658.351||-2428.077||-2180.225
  242.000|| 1661.156||-2427.992||-2180.417
  243.000|| 1663.962||-2427.906||-2180.607
  244.000|| 1666.771||-2427.821||-2180.797
  245.000|| 1669.581||-2427.735||-2180.986
  246.000|| 1672.393||-2427.650||-2181.173
  247.000|| 1675.206||-2427.564||-2181.359
  248.000|| 1678.022||-2427.479||-2181.544
  249.000|| 1680.839||-2427.393||-2181.728
  250.000|| 1683.658||-2427.308||-2181.911
  251.000|| 1686.479||-2427.222||-2182.092
  252.000|| 1689.301||-2427.137||-2182.272
  253.000|| 1692.126||-2427.051||-2182.451
  254.000|| 1694.952||-2426.966||-2182.629
  255.000|| 1697.780||-2426.880||-2182.805
  256.000|| 1700.610||-2426.795||-2182.980
  257.000|| 1703.442||-2426.709||-2183.154
  258.000|| 1706.275||-2426.624||-2183.326
  259.000|| 1709.111||-2426.538||-2183.497
  260.000|| 1711.948||-2426.453||-2183.667
  261.000|| 1714.787||-2426.367||-2183.835
  262.000|| 1717.628||-2426.282||-2184.002
  263.000|| 1720.471||-2426.197||-2184.168
  264.000|| 1723.315||-2426.111||-2184.332
  265.000|| 1726.162||-2426.026||-2184.495
  266.000|| 1729.010||-2425.941||-2184.656
  267.000|| 1731.860||-2425.856||-2184.816
  268.000|| 1734.712||-2425.771||-2184.975
  269.000|| 1737.566||-2425.685||-2185.132
  270.000|| 1740.421||-2425.600||-2185.287
  271.000|| 1743.279||-2425.515||-2185.441
  272.000|| 1746.138||-2425.431||-2185.594
  273.000|| 1749.000||-2425.346||-2185.745
  274.000|| 1751.863||-2425.261||-2185.895
  275.000|| 1754.728||-2425.176||-2186.043
  276.000|| 1757.595||-2425.092||-2186.189
  277.000|| 1760.463||-2425.007||-2186.334
  278.000|| 1763.334||-2424.923||-2186.477
  279.000|| 1766.206||-2424.838||-2186.619
  280.000|| 1769.081||-2424.754||-2186.759
  281.000|| 1771.957||-2424.670||-2186.898
  282.000|| 1774.835||-2424.586||-2187.035
  283.000|| 1777.715||-2424.502||-2187.170
  284.000|| 1780.597||-2424.418||-2187.304
  285.000|| 1783.481||-2424.334||-2187.436
  286.000|| 1786.367||-2424.250||-2187.566
  287.000|| 1789.254||-2424.166||-2187.695
  288.000|| 1792.144||-2424.083||-2187.822
  289.000|| 1795.035||-2424.000||-2187.947
  290.000|| 1797.929||-2423.916||-2188.070
  291.000|| 1800.824||-2423.833||-2188.192
  292.000|| 1803.721||-2423.750||-2188.312
  293.000|| 1806.620||-2423.667||-2188.430
  294.000|| 1809.521||-2423.584||-2188.546
  295.000|| 1812.424||-2423.502||-2188.661
  296.000|| 1815.329||-2423.419||-2188.773
  297.000|| 1818.236||-2423.337||-2188.884
  298.000|| 1821.144||-2423.255||-2188.993
  299.000|| 1824.055||-2423.173||-2189.100
  300.000|| 1826.967||-2423.091||-2189.206
  301.000|| 1829.882||-2423.009||-2189.309
  302.000|| 1832.798||-2422.927||-2189.411
  303.000|| 1835.717||-2422.846||-2189.510
  304.000|| 1838.637||-2422.765||-2189.608
  305.000|| 1841.559||-2422.684||-2189.703
  306.000|| 1844.483||-2422.603||-2189.797
  307.000|| 1847.410||-2422.522||-2189.889
  308.000|| 1850.338||-2422.441||-2189.978
  309.000|| 1853.268||-2422.361||-2190.066
  310.000|| 1856.200||-2422.281||-2190.152
  311.000|| 1859.134||-2422.201||-2190.235
  312.000|| 1862.070||-2422.121||-2190.317
  313.000|| 1865.008||-2422.041||-2190.396
  314.000|| 1867.947||-2421.962||-2190.474
  315.000|| 1870.889||-2421.883||-2190.549
  316.000|| 1873.833||-2421.804||-2190.622
  317.000|| 1876.779||-2421.725||-2190.693
  318.000|| 1879.727||-2421.646||-2190.762
  319.000|| 1882.676||-2421.568||-2190.829
  320.000|| 1885.628||-2421.490||-2190.893
  321.000|| 1888.582||-2421.412||-2190.956
  322.000|| 1891.537||-2421.334||-2191.016
  323.000|| 1894.495||-2421.257||-2191.074
  324.000|| 1897.455||-2421.180||-2191.130
  325.000|| 1900.416||-2421.103||-2191.183
  326.000|| 1903.380||-2421.026||-2191.234
  327.000|| 1906.346||-2420.949||-2191.283
  328.000|| 1909.313||-2420.873||-2191.329
  329.000|| 1912.283||-2420.797||-2191.374
  330.000|| 1915.255||-2420.721||-2191.416
  331.000|| 1918.228||-2420.646||-2191.455
  332.000|| 1921.204||-2420.571||-2191.492
  333.000|| 1924.182||-2420.496||-2191.527
  334.000|| 1927.162||-2420.421||-2191.559
  335.000|| 1930.143||-2420.347||-2191.589
  336.000|| 1933.127||-2420.273||-2191.617
  337.000|| 1936.113||-2420.199||-2191.642
  338.000|| 1939.101||-2420.125||-2191.665
  339.000|| 1942.090||-2420.052||-2191.685
  340.000|| 1945.082||-2419.979||-2191.702
  341.000|| 1948.076||-2419.906||-2191.717
  342.000|| 1951.072||-2419.834||-2191.730
  343.000|| 1954.070||-2419.762||-2191.740
  344.000|| 1957.070||-2419.690||-2191.747
  345.000|| 1960.072||-2419.619||-2191.752
  346.000|| 1963.076||-2419.548||-2191.754
  347.000|| 1966.082||-2419.477||-2191.754
  348.000|| 1969.090||-2419.407||-2191.751
  349.000|| 1972.101||-2419.336||-2191.745
  350.000|| 1975.113||-2419.267||-2191.737
  351.000|| 1978.127||-2419.197||-2191.726
  352.000|| 1981.143||-2419.128||-2191.712
  353.000|| 1984.162||-2419.059||-2191.696
  354.000|| 1987.182||-2418.991||-2191.677
  355.000|| 1990.205||-2418.923||-2191.655
  356.000|| 1993.230||-2418.855||-2191.630
  357.000|| 1996.256||-2418.788||-2191.602
  358.000|| 1999.285||-2418.721||-2191.572
  359.000|| 2002.316||-2418.654||-2191.539
  360.000|| 2005.349||-2418.588||-2191.503
  361.000|| 2008.384||-2418.522||-2191.464
  362.000|| 2011.421||-2418.457||-2191.422
  363.000|| 2014.460||-2418.391||-2191.378
  364.000|| 2017.501||-2418.327||-2191.330
  365.000|| 2020.544||-2418.262||-2191.279
  366.000|| 2023.590||-2418.198||-2191.226
  367.000|| 2026.637||-2418.135||-2191.170
  368.000|| 2029.687||-2418.072||-2191.110
  369.000|| 2032.738||-2418.009||-2191.048
  370.000|| 2035.792||-2417.947||-2190.982
  371.000|| 2038.848||-2417.885||-2190.914
  372.000|| 2041.906||-2417.823||-2190.842
  373.000|| 2044.966||-2417.762||-2190.767
  374.000|| 2048.028||-2417.702||-2190.690
  375.000|| 2051.092||-2417.641||-2190.609
  376.000|| 2054.158||-2417.582||-2190.525
  377.000|| 2057.227||-2417.522||-2190.437
  378.000|| 2060.297||-2417.463||-2190.347
  379.000|| 2063.370||-2417.405||-2190.253
  380.000|| 2066.444||-2417.347||-2190.157
  381.000|| 2069.521||-2417.289||-2190.056
  382.000|| 2072.600||-2417.232||-2189.953
  383.000|| 2075.681||-2417.176||-2189.847
  384.000|| 2078.765||-2417.120||-2189.737
  385.000|| 2081.850||-2417.064||-2189.624
  386.000|| 2084.937||-2417.009||-2189.507
  387.000|| 2088.027||-2416.954||-2189.387
  388.000|| 2091.119||-2416.900||-2189.264
  389.000|| 2094.212||-2416.846||-2189.137
  390.000|| 2097.308||-2416.793||-2189.007
  391.000|| 2100.406||-2416.740||-2188.874
  392.000|| 2103.507||-2416.688||-2188.737
  393.000|| 2106.609||-2416.636||-2188.596
  394.000|| 2109.713||-2416.585||-2188.452
  395.000|| 2112.820||-2416.534||-2188.305
  396.000|| 2115.929||-2416.484||-2188.154
  397.000|| 2119.040||-2416.434||-2188.000
  398.000|| 2122.153||-2416.385||-2187.842
  399.000|| 2125.268||-2416.336||-2187.680
  400.000|| 2128.385||-2416.288||-2187.515
  401.000|| 2131.505||-2416.240||-2187.346
  402.000|| 2134.626||-2416.193||-2187.173
  403.000|| 2137.750||-2416.146||-2186.997
  404.000|| 2140.876||-2416.100||-2186.817
  405.000|| 2144.004||-2416.055||-2186.633
  406.000|| 2147.134||-2416.010||-2186.446
  407.000|| 2150.266||-2415.966||-2186.255
  408.000|| 2153.401||-2415.922||-2186.060
  409.000|| 2156.537||-2415.879||-2185.861
  410.000|| 2159.676||-2415.836||-2185.659
  411.000|| 2162.817||-2415.794||-2185.452
  412.000|| 2165.960||-2415.752||-2185.242
  413.000|| 2169.106||-2415.711||-2185.028
  414.000|| 2172.253||-2415.671||-2184.810
  415.000|| 2175.403||-2415.631||-2184.588
  416.000|| 2178.554||-2415.592||-2184.362
  417.000|| 2181.708||-2415.554||-2184.132
  418.000|| 2184.864||-2415.516||-2183.898
  419.000|| 2188.023||-2415.478||-2183.661
  420.000|| 2191.183||-2415.441||-2183.419
  421.000|| 2194.346||-2415.405||-2183.173
  422.000|| 2197.510||-2415.370||-2182.923
  423.000|| 2200.677||-2415.335||-2182.669
  424.000|| 2203.846||-2415.300||-2182.410
  425.000|| 2207.018||-2415.267||-2182.148
  426.000|| 2210.191||-2415.233||-2181.882
  427.000|| 2213.367||-2415.201||-2181.611
  428.000|| 2216.544||-2415.169||-2181.336
  429.000|| 2219.724||-2415.138||-2181.057
  430.000|| 2222.907||-2415.107||-2180.773
  431.000|| 2226.091||-2415.077||-2180.486
  432.000|| 2229.277||-2415.048||-2180.194
  433.000|| 2232.466||-2415.019||-2179.897
  434.000|| 2235.657||-2414.991||-2179.597
  435.000|| 2238.850||-2414.964||-2179.292
  436.000|| 2242.045||-2414.937||-2178.982
  437.000|| 2245.242||-2414.911||-2178.669
  438.000|| 2248.442||-2414.886||-2178.350
  439.000|| 2251.643||-2414.861||-2178.028
  440.000|| 2254.847||-2414.837||-2177.701
  441.000|| 2258.053||-2414.814||-2177.369
  442.000|| 2261.261||-2414.791||-2177.033
  443.000|| 2264.472||-2414.769||-2176.692
  444.000|| 2267.684||-2414.748||-2176.347
  445.000|| 2270.899||-2414.727||-2175.997
  446.000|| 2274.116||-2414.707||-2175.642
  447.000|| 2277.335||-2414.688||-2175.283
  448.000|| 2280.556||-2414.670||-2174.920
  449.000|| 2283.779||-2414.652||-2174.551
  450.000|| 2287.005||-2414.635||-2174.178
  451.000|| 2290.233||-2414.618||-2173.800
  452.000|| 2293.463||-2414.602||-2173.417
  453.000|| 2296.695||-2414.587||-2173.030
  454.000|| 2299.929||-2414.573||-2172.638
  455.000|| 2303.165||-2414.559||-2172.241
  456.000|| 2306.404||-2414.546||-2171.839
  457.000|| 2309.645||-2414.534||-2171.432
  458.000|| 2312.887||-2414.523||-2171.021
  459.000|| 2316.132||-2414.512||-2170.604
  460.000|| 2319.380||-2414.502||-2170.183
  461.000|| 2322.629||-2414.492||-2169.756
  462.000|| 2325.881||-2414.484||-2169.325
  463.000|| 2329.134||-2414.476||-2168.889
  464.000|| 2332.390||-2414.469||-2168.447
  465.000|| 2335.648||-2414.462||-2168.001
  466.000|| 2338.908||-2414.456||-2167.549
  467.000|| 2342.171||-2414.451||-2167.093
  468.000|| 2345.435||-2414.447||-2166.631
  469.000|| 2348.702||-2414.444||-2166.164
  470.000|| 2351.970||-2414.441||-2165.692
  471.000|| 2355.241||-2414.439||-2165.215
  472.000|| 2358.514||-2414.437||-2164.732
  473.000|| 2361.789||-2414.437||-2164.245
  474.000|| 2365.066||-2414.437||-2163.752
  475.000|| 2368.346||-2414.438||-2163.253
  476.000|| 2371.627||-2414.439||-2162.750
  477.000|| 2374.911||-2414.441||-2162.241
  478.000|| 2378.197||-2414.444||-2161.727
  479.000|| 2381.485||-2414.448||-2161.207
  480.000|| 2384.775||-2414.453||-2160.682
  481.000|| 2388.067||-2414.458||-2160.152
  482.000|| 2391.361||-2414.464||-2159.616
  483.000|| 2394.657||-2414.471||-2159.074
  484.000|| 2397.956||-2414.478||-2158.527
  485.000|| 2401.256||-2414.486||-2157.975
  486.000|| 2404.559||-2414.495||-2157.417
  487.000|| 2407.864||-2414.505||-2156.854
  488.000|| 2411.170||-2414.515||-2156.285
  489.000|| 2414.479||-2414.526||-2155.710
  490.000|| 2417.790||-2414.538||-2155.130
  491.000|| 2421.103||-2414.550||-2154.544
  492.000|| 2424.418||-2414.564||-2153.952
  493.000|| 2427.736||-2414.578||-2153.355
  494.000|| 2431.055||-2414.592||-2152.751
  495.000|| 2434.376||-2414.608||-2152.143
  496.000|| 2437.699||-2414.624||-2151.528
  497.000|| 2441.025||-2414.640||-2150.908
  498.000|| 2444.352||-2414.658||-2150.281
  499.000|| 2447.681||-2414.676||-2149.649
  500.000|| 2451.013||-2414.695||-2149.012
  501.000|| 2454.346||-2414.715||-2148.368
  502.000|| 2457.682||-2414.735||-2147.718
  503.000|| 2461.019||-2414.756||-2147.063
  504.000|| 2464.359||-2414.777||-2146.401
  505.000|| 2467.700||-2414.800||-2145.734
  506.000|| 2471.043||-2414.823||-2145.060
  507.000|| 2474.389||-2414.846||-2144.381
  508.000|| 2477.736||-2414.870||-2143.695
  509.000|| 2481.086||-2414.895||-2143.003
  510.000|| 2484.437||-2414.921||-2142.306
  511.000|| 2487.790||-2414.947||-2141.602
  512.000|| 2491.145||-2414.974||-2140.892
  513.000|| 2494.502||-2415.001||-2140.176
  514.000|| 2497.861||-2415.029||-2139.454
  515.000|| 2501.222||-2415.058||-2138.726
  516.000|| 2504.585||-2415.087||-2137.991
  517.000|| 2507.949||-2415.117||-2137.250
  518.000|| 2511.316||-2415.148||-2136.503
  519.000|| 2514.684||-2415.179||-2135.750
  520.000|| 2518.055||-2415.210||-2134.991
  521.000|| 2521.427||-2415.242||-2134.225
  522.000|| 2524.801||-2415.275||-2133.453
  523.000|| 2528.176||-2415.308||-2132.674
  524.000|| 2531.554||-2415.342||-2131.890
  525.000|| 2534.933||-2415.376||-2131.098
  526.000|| 2538.315||-2415.411||-2130.301
  527.000|| 2541.697||-2415.446||-2129.497
  528.000|| 2545.082||-2415.482||-2128.687
  529.000|| 2548.469||-2415.518||-2127.870
  530.000|| 2551.857||-2415.555||-2127.047
  531.000|| 2555.247||-2415.592||-2126.217
  532.000|| 2558.638||-2415.629||-2125.381
  533.000|| 2562.031||-2415.667||-2124.538
  534.000|| 2565.426||-2415.705||-2123.689
  535.000|| 2568.823||-2415.744||-2122.834
  536.000|| 2572.221||-2415.782||-2121.972
  537.000|| 2575.621||-2415.822||-2121.103
  538.000|| 2579.022||-2415.861||-2120.228
  539.000|| 2582.425||-2415.901||-2119.346
  540.000|| 2585.830||-2415.941||-2118.457
  541.000|| 2589.236||-2415.982||-2117.562
  542.000|| 2592.644||-2416.022||-2116.661
  543.000|| 2596.053||-2416.063||-2115.752
  544.000|| 2599.464||-2416.104||-2114.838
  545.000|| 2602.876||-2416.145||-2113.916
  546.000|| 2606.290||-2416.187||-2112.988
  547.000|| 2609.705||-2416.228||-2112.053
  548.000|| 2613.121||-2416.270||-2111.112
  549.000|| 2616.539||-2416.311||-2110.164
  550.000|| 2619.959||-2416.353||-2109.209
  551.000|| 2623.379||-2416.395||-2108.247
  552.000|| 2626.801||-2416.436||-2107.279
  553.000|| 2630.224||-2416.478||-2106.304
  554.000|| 2633.649||-2416.520||-2105.323
  555.000|| 2637.075||-2416.561||-2104.335
  556.000|| 2640.501||-2416.602||-2103.340
  557.000|| 2643.930||-2416.644||-2102.338
  558.000|| 2647.359||-2416.685||-2101.330
  559.000|| 2650.789||-2416.725||-2100.315
  560.000|| 2654.221||-2416.766||-2099.293
  561.000|| 2657.654||-2416.806||-2098.265
  562.000|| 2661.087||-2416.846||-2097.230
  563.000|| 2664.522||-2416.885||-2096.188
  564.000|| 2667.958||-2416.924||-2095.139
  565.000|| 2671.394||-2416.963||-2094.084
  566.000|| 2674.832||-2417.001||-2093.023
  567.000|| 2678.270||-2417.039||-2091.954
  568.000|| 2681.710||-2417.075||-2090.879
  569.000|| 2685.150||-2417.112||-2089.797
  570.000|| 2688.591||-2417.147||-2088.709
  571.000|| 2692.032||-2417.182||-2087.614
  572.000|| 2695.474||-2417.216||-2086.513
  573.000|| 2698.917||-2417.250||-2085.405
  574.000|| 2702.361||-2417.282||-2084.290
  575.000|| 2705.805||-2417.313||-2083.169
  576.000|| 2709.250||-2417.344||-2082.041
  577.000|| 2712.695||-2417.373||-2080.907
  578.000|| 2716.141||-2417.401||-2079.766
  579.000|| 2719.587||-2417.428||-2078.619
  580.000|| 2723.033||-2417.454||-2077.465
  581.000|| 2726.480||-2417.479||-2076.305
  582.000|| 2729.927||-2417.502||-2075.139
  583.000|| 2733.374||-2417.524||-2073.966
  584.000|| 2736.821||-2417.544||-2072.787
  585.000|| 2740.268||-2417.563||-2071.602
  586.000|| 2743.716||-2417.580||-2070.411
  587.000|| 2747.163||-2417.595||-2069.213
  588.000|| 2750.610||-2417.608||-2068.009
  589.000|| 2754.057||-2417.620||-2066.799
  590.000|| 2757.504||-2417.629||-2065.583
  591.000|| 2760.951||-2417.637||-2064.362
  592.000|| 2764.397||-2417.642||-2063.134
  593.000|| 2767.843||-2417.646||-2061.900
  594.000|| 2771.289||-2417.646||-2060.660
  595.000|| 2774.734||-2417.645||-2059.415
  596.000|| 2778.178||-2417.641||-2058.163
  597.000|| 2781.622||-2417.634||-2056.907
  598.000|| 2785.065||-2417.624||-2055.644
  599.000|| 2788.508||-2417.612||-2054.376
  600.000|| 2791.949||-2417.597||-2053.103
  601.000|| 2795.389||-2417.579||-2051.824
  602.000|| 2798.829||-2417.557||-2050.539
  603.000|| 2802.267||-2417.533||-2049.250
  604.000|| 2805.704||-2417.505||-2047.955
  605.000|| 2809.139||-2417.473||-2046.656
  606.000|| 2812.574||-2417.438||-2045.351
  607.000|| 2816.006||-2417.399||-2044.042
  608.000|| 2819.437||-2417.356||-2042.727
  609.000|| 2822.867||-2417.309||-2041.409
  610.000|| 2826.295||-2417.258||-2040.085
  611.000|| 2829.720||-2417.202||-2038.757
  612.000|| 2833.144||-2417.142||-2037.425
  613.000|| 2836.566||-2417.077||-2036.088
  614.000|| 2839.985||-2417.008||-2034.748
  615.000|| 2843.403||-2416.934||-2033.403
  616.000|| 2846.817||-2416.854||-2032.055
  617.000|| 2850.230||-2416.769||-2030.703
  618.000|| 2853.639||-2416.679||-2029.347
  619.000|| 2857.046||-2416.583||-2027.988
  620.000|| 2860.450||-2416.481||-2026.625
  621.000|| 2863.850||-2416.373||-2025.260
  622.000|| 2867.248||-2416.259||-2023.891
  623.000|| 2870.642||-2416.138||-2022.520
  624.000|| 2874.033||-2416.011||-2021.146
  625.000|| 2877.420||-2415.877||-2019.770
  626.000|| 2880.803||-2415.735||-2018.392
  627.000|| 2884.182||-2415.587||-2017.011
  628.000|| 2887.558||-2415.431||-2015.629
  629.000|| 2890.929||-2415.267||-2014.245
  630.000|| 2894.295||-2415.095||-2012.860
  631.000|| 2897.657||-2414.915||-2011.473
  632.000|| 2901.015||-2414.726||-2010.086
  633.000|| 2904.367||-2414.529||-2008.698
  634.000|| 2907.714||-2414.322||-2007.309
  635.000|| 2911.056||-2414.106||-2005.920
  636.000|| 2914.392||-2413.881||-2004.532
  637.000|| 2917.723||-2413.645||-2003.143
  638.000|| 2921.048||-2413.399||-2001.755
  639.000|| 2924.366||-2413.143||-2000.368
  640.000|| 2927.679||-2412.876||-1998.982
  641.000|| 2930.984||-2412.597||-1997.598
  642.000|| 2934.283||-2412.308||-1996.215
  643.000|| 2937.575||-2412.006||-1994.835
  644.000|| 2940.860||-2411.692||-1993.457
  645.000|| 2944.137||-2411.365||-1992.082
  646.000|| 2947.406||-2411.025||-1990.710
  647.000|| 2950.668||-2410.672||-1989.342
  648.000|| 2953.921||-2410.305||-1987.977
  649.000|| 2957.166||-2409.924||-1986.617
  650.000|| 2960.401||-2409.528||-1985.262
  651.000|| 2963.628||-2409.117||-1983.912
  652.000|| 2966.845||-2408.691||-1982.567
  653.000|| 2970.053||-2408.248||-1981.229
  654.000|| 2973.250||-2407.789||-1979.897
  655.000|| 2976.437||-2407.314||-1978.572
  656.000|| 2979.613||-2406.820||-1977.254
  657.000|| 2982.779||-2406.309||-1975.945
  658.000|| 2985.933||-2405.780||-1974.644
  659.000|| 2989.075||-2405.231||-1973.352
  660.000|| 2992.205||-2404.663||-1972.070
  661.000|| 2995.323||-2404.074||-1970.798
  662.000|| 2998.428||-2403.465||-1969.537
  663.000|| 3001.520||-2402.835||-1968.287
  664.000|| 3004.598||-2402.182||-1967.050
  665.000|| 3007.661||-2401.507||-1965.825
  666.000|| 3010.711||-2400.809||-1964.613
  667.000|| 3013.745||-2400.087||-1963.416
  668.000|| 3016.764||-2399.340||-1962.233
  669.000|| 3019.767||-2398.568||-1961.066
  670.000|| 3022.754||-2397.770||-1959.916
  671.000|| 3025.724||-2396.944||-1958.782
  672.000|| 3028.677||-2396.092||-1957.666
  673.000|| 3031.611||-2395.210||-1956.569
  674.000|| 3034.528||-2394.300||-1955.492
  675.000|| 3037.425||-2393.360||-1954.435
  676.000|| 3040.303||-2392.388||-1953.399
  677.000|| 3043.161||-2391.385||-1952.386
  678.000|| 3045.998||-2390.349||-1951.396
  679.000|| 3048.813||-2389.279||-1950.430
  680.000|| 3051.607||-2388.174||-1949.490
  681.000|| 3054.378||-2387.034||-1948.576
  682.000|| 3057.126||-2385.857||-1947.689
  683.000|| 3059.850||-2384.643||-1946.832
  684.000|| 3062.549||-2383.389||-1946.003
  685.000|| 3065.223||-2382.096||-1945.206
  686.000|| 3067.871||-2380.762||-1944.441
  687.000|| 3070.492||-2379.385||-1943.710
  688.000|| 3073.085||-2377.965||-1943.013
  689.000|| 3075.650||-2376.500||-1942.352
  690.000|| 3078.185||-2374.989||-1941.729
  691.000|| 3080.690||-2373.430||-1941.145
  692.000|| 3083.165||-2371.823||-1940.601
  693.000|| 3085.607||-2370.166||-1940.099
  694.000|| 3088.016||-2368.457||-1939.641
  695.000|| 3090.392||-2366.696||-1939.228
  696.000|| 3092.733||-2364.880||-1938.861
  697.000|| 3095.037||-2363.008||-1938.543
  698.000|| 3097.305||-2361.078||-1938.275
  699.000|| 3099.535||-2359.089||-1938.058
  700.000|| 3101.727||-2357.039||-1937.896
  701.000|| 3103.877||-2354.926||-1937.790
  702.000|| 3105.987||-2352.749||-1937.741
  703.000|| 3108.054||-2350.506||-1937.751
  704.000|| 3110.078||-2348.194||-1937.824
  705.000|| 3112.056||-2345.812||-1937.961
  706.000|| 3113.988||-2343.358||-1938.163
  707.000|| 3115.873||-2340.830||-1938.434
  708.000|| 3117.708||-2338.226||-1938.776
  709.000|| 3119.493||-2335.543||-1939.191
  710.000|| 3121.227||-2332.780||-1939.681
  711.000|| 3122.907||-2329.934||-1940.250
  712.000|| 3124.532||-2327.002||-1940.899
  713.000|| 3126.101||-2323.983||-1941.632
  714.000|| 3127.611||-2320.874||-1942.451
  715.000|| 3129.062||-2317.673||-1943.359
  716.000|| 3130.452||-2314.376||-1944.358
  717.000|| 3131.779||-2310.981||-1945.453
  718.000|| 3133.040||-2307.485||-1946.645
  719.000|| 3134.235||-2303.887||-1947.939
  720.000|| 3135.361||-2300.181||-1949.336
  721.000|| 3136.417||-2296.367||-1950.842
  722.000|| 3137.400||-2292.440||-1952.458
  723.000|| 3138.308||-2288.398||-1954.189
  724.000|| 3139.140||-2284.237||-1956.038
  725.000|| 3139.892||-2279.954||-1958.009
  726.000|| 3140.564||-2275.546||-1960.105
  727.000|| 3141.152||-2271.009||-1962.331
  728.000|| 3141.654||-2266.340||-1964.691
  729.000|| 3142.068||-2261.536||-1967.187
  730.000|| 3142.391||-2256.591||-1969.826
  731.000|| 3142.621||-2251.503||-1972.611
  732.000|| 3142.755||-2246.268||-1975.545
  733.000|| 3142.790||-2240.881||-1978.635
  734.000|| 3142.724||-2235.339||-1981.884
  735.000|| 3142.555||-2229.638||-1985.297
  736.000|| 3142.278||-2223.772||-1988.880
  737.000|| 3141.891||-2217.739||-1992.636
  738.000|| 3141.391||-2211.532||-1996.571
  739.000|| 3140.775||-2205.149||-2000.690
  740.000|| 3140.040||-2198.583||-2004.999
  741.000|| 3139.182||-2191.830||-2009.502
  742.000|| 3138.199||-2184.886||-2014.206
  743.000|| 3137.086||-2177.744||-2019.115
  744.000|| 3135.840||-2170.401||-2024.236
  745.000|| 3134.458||-2162.851||-2029.574
  746.000|| 3132.936||-2155.089||-2035.136
  747.000|| 3131.270||-2147.108||-2040.927
  748.000|| 3129.456||-2138.904||-2046.953
  749.000|| 3127.491||-2130.471||-2053.221
  750.000|| 3125.370||-2121.804||-2059.738
  751.000|| 3123.089||-2112.895||-2066.509
  752.000|| 3120.644||-2103.740||-2073.542
  753.000|| 3118.031||-2094.333||-2080.843
  754.000|| 3115.246||-2084.666||-2088.418
  755.000|| 3112.283||-2074.735||-2096.275
  756.000|| 3109.139||-2064.532||-2104.421
  757.000|| 3105.809||-2054.051||-2112.862
  758.000|| 3102.287||-2043.286||-2121.606
  759.000|| 3098.571||-2032.229||-2130.661
  760.000|| 3094.653||-2020.875||-2140.032
  761.000|| 3090.530||-2009.217||-2149.729
  762.000|| 3086.196||-1997.247||-2159.758
    0.000||    0.000||    0.000||    0.000
