157.172223
157.156102
157.139827
157.123399
157.106819
157.090089
157.073208
157.056178
157.039000
157.021675
157.004204
156.986587
156.968827
156.950922
156.932876
156.914687
156.896358
156.877890
156.859282
156.840537
156.821654
156.802636
156.783482
156.764194
156.744772
156.725218
156.705532
156.685716
156.665769
156.645693
156.625489
156.605158
156.584700
156.564117
156.543408
156.522575
156.501620
156.480542
156.459342
156.438021
156.416581
156.395021
156.373343
156.351548
156.329636
156.307608
156.285464
156.263206
156.240835
156.218351
156.195754
156.173047
156.150229
156.127301
156.104263
156.081118
156.057865
156.034505
156.011039
155.987467
155.963791
155.940011
155.916128
155.892142
155.868054
155.843865
155.819576
155.795187
155.770699
155.746112
155.721428
155.696647
155.671769
155.646796
155.621727
155.596564
155.571308
155.545958
155.520516
155.494982
155.469357
155.443642
155.417836
155.391942
155.365958
155.339887
155.313728
155.287482
155.261150
155.234733
155.208230
155.181643
155.154972
155.128218
155.101382
155.074463
155.047462
155.020381
154.993219
154.965977
154.938656
154.911257
154.883779
154.856223
154.828591
154.800882
154.773097
154.745236
154.717300
154.689290
154.661206
154.633049
154.604819
154.576516
154.548142
154.519696
154.491179
154.462592
154.433935
154.405209
154.376413
154.347550
154.318618
154.289619
154.260553
154.231420
154.202221
154.172957
154.143627
154.114233
154.084775
154.055253
154.025667
153.996018
153.966308
153.936535
153.906700
153.876804
153.846848
153.816831
153.786754
153.756618
153.726423
153.696169
153.665857
153.635487
153.605060
153.574575
153.544034
153.513437
153.482784
153.452075
153.421312
153.390493
153.359621
153.328694
153.297714
153.266680
153.235594
153.204456
153.173265
153.142023
153.110729
153.079384
153.047989
153.016543
152.985047
152.953502
152.921907
152.890264
152.858572
152.826831
152.795043
152.763207
152.731324
152.699394
152.667417
152.635394
152.603325
152.571210
152.539051
152.506846
152.474596
152.442302
152.409963
152.377581
152.345156
152.312687
152.280175
152.247621
152.215024
152.182386
152.149705
152.116983
152.084220
152.051416
152.018572
151.985687
151.952762
151.919797
151.886792
151.853749
151.820666
151.787545
151.754385
151.721187
151.687951
151.654677
151.621366
151.588018
151.554632
151.521210
151.487752
151.454258
151.420727
151.387161
151.353559
151.319922
151.286250
151.252544
151.218802
151.185027
151.151217
151.117374
151.083497
151.049587
151.015643
150.981666
150.947657
150.913615
150.879541
150.845435
150.811297
150.777128
150.742927
150.708694
150.674431
150.640137
150.605812
150.571457
150.537071
150.502656
150.468211
150.433736
150.399232
150.364698
150.330135
150.295544
150.260924
150.226275
150.191598
150.156893
150.122160
150.087400
150.052612
150.017796
149.982953
149.948083
149.913186
149.878263
149.843313
149.808337
149.773334
149.738306
149.703252
149.668172
149.633066
149.597936
149.562780
149.527599
149.492393
149.457162
149.421907
149.386628
149.351324
149.315996
149.280645
149.245269
149.209870
149.174448
149.139002
149.103533
149.068041
149.032526
148.996988
148.961428
148.925845
148.890240
148.854613
148.818964
148.783293
148.747600
148.711885
148.676149
148.640392
148.604613
148.568814
148.532993
148.497151
148.461289
148.425407
148.389503
148.353580
148.317636
148.281672
148.245689
148.209685
148.173662
148.137619
148.101557
148.065475
148.029374
147.993254
147.957115
147.920957
147.884781
147.848586
147.812372
147.776140
147.739889
147.703620
147.667333
147.631028
147.594706
147.558365
147.522007
147.485631
147.449238
147.412828
147.376400
147.339955
147.303493
147.267014
147.230518
147.194005
147.157476
147.120930
147.084368
147.047790
147.011195
146.974584
146.937957
146.901314
146.864655
146.827980
146.791290
146.754584
146.717862
146.681125
146.644373
146.607605
146.570822
146.534025
146.497212
146.460384
146.423542
146.386684
146.349812
146.312926
146.276025
146.239109
146.202180
146.165236
146.128277
146.091305
146.054319
146.017319
145.980305
145.943277
145.906235
145.869180
145.832112
145.795029
145.757934
145.720825
145.683703
145.646568
145.609419
145.572258
145.535084
145.497896
145.460696
145.423483
145.386258
145.349020
145.311769
145.274506
145.237230
145.199943
145.162642
145.125330
145.088006
145.050669
145.013320
144.975960
144.938587
144.901203
144.863807
144.826399
144.788980
144.751549
144.714107
144.676653
144.639187
144.601711
144.564223
144.526724
144.489213
144.451692
144.414160
144.376616
144.339062
144.301497
144.263920
144.226334
144.188736
144.151128
144.113509
144.075880
144.038240
144.000590
143.962929
143.925258
143.887577
143.849885
143.812183
143.774471
143.736750
143.699018
143.661276
143.623524
143.585762
143.547990
143.510209
143.472418
143.434617
143.396806
143.358986
143.321157
143.283318
143.245469
143.207611
143.169744
143.131867
143.093981
143.056086
143.018181
142.980268
142.942345
142.904413
142.866472
142.828523
142.790564
142.752596
142.714620
142.676635
142.638641
142.600638
142.562627
142.524606
142.486578
142.448540
142.410495
142.372440
142.334378
142.296306
142.258227
142.220139
142.182043
142.143938
142.105826
142.067705
142.029576
141.991439
141.953294
141.915140
141.876979
141.838810
141.800633
141.762448
141.724255
141.686054
141.647845
141.609629
141.571405
141.533173
141.494934
141.456687
141.418432
141.380170
141.341900
141.303623
141.265338
141.227046
141.188746
141.150439
141.112125
141.073803
141.035474
140.997138
140.958795
140.920444
140.882087
140.843722
140.805350
140.766971
140.728585
140.690192
140.651792
140.613385
140.574971
140.536550
140.498122
140.459688
140.421247
140.382798
140.344344
140.305882
140.267414
140.228939
140.190457
140.151969
140.113474
140.074973
140.036465
139.997951
139.959430
139.920903
139.882369
139.843829
139.805283
139.766730
139.728171
139.689605
139.651034
139.612456
139.573872
139.535281
139.496685
139.458082
139.419474
139.380859
139.342238
139.303611
139.264978
139.226339
139.187695
139.149044
139.110387
139.071725
139.033056
138.994382
138.955702
138.917016
138.878325
138.839627
138.800924
138.762216
138.723501
138.684781
138.646056
138.607325
138.568588
138.529846
138.491098
138.452345
138.413586
138.374822
138.336053
138.297278
138.258498
138.219712
138.180921
138.142125
138.103324
138.064518
138.025706
137.986889
137.948067
137.909240
137.870408
137.831570
137.792728
137.753881
137.715029
137.676171
137.637309
137.598442
137.559570
137.520694
137.481812
137.442926
137.404035
137.365139
137.326239
137.287334
137.248424
137.209510
137.170591
137.131667
137.092740
137.053807
137.014870
136.975929
136.936984
136.898034
136.859080
136.820121
136.781159
136.742192
136.703221
136.664246
136.625266
136.586283
136.547296
136.508305
136.469310
136.430310
136.391308
136.352301
136.313290
136.274276
136.235258
136.196237
136.157212
136.118183
136.079151
136.040115
136.001076
135.962034
135.922988
135.883939
135.844887
135.805832
135.766774
135.727712
135.688648
135.649580
135.610510
135.571437
135.532361
135.493283
135.454202
135.415118
135.376032
135.336943
135.297852
135.258759
135.219663
135.180565
135.141465
135.102364
135.063260
135.024154
134.985047
134.945938
134.906827
134.867715
134.828601
134.789486
134.750370
134.711252
134.672134
134.633014
134.593894
134.554773
134.515651
134.476528
134.437406
134.398283
134.359159
134.320036
134.280912
134.241789
134.202666
134.163543
134.124421
134.085300
134.046179
134.007060
133.967941
133.928824
133.889708
133.850593
133.811481
133.772370
133.733261
133.694155
133.655051
133.615949
133.576851
133.537755
133.498662
133.459573
133.420487
133.381406
133.342328
133.303254
133.264185
133.225120
133.186061
133.147007
133.107958
133.068914
133.029877
132.990846
132.951821
132.912803
132.873793
132.834789
132.795794
132.756806
132.717827
132.678856
132.639894
132.600942
132.561999
132.523067
132.484145
132.445234
132.406334
132.367445
132.328569
132.289706
132.250855
132.212018
132.173194
132.134385
132.095591
132.056812
132.018049
131.979302
131.940572
131.901860
131.863165
131.824490
131.785833
131.747196
131.708580
131.669985
131.631411
131.592860
131.554332
131.515828
131.477348
131.438893
131.400465
131.362063
131.323689
131.285343
131.247027
131.208740
131.170485
131.132261
131.094070
131.055913
131.017790
130.979703
130.941652
130.903640
130.865665
130.827731
130.789837
130.751985
