112.827777
112.843857
112.860009
112.876232
112.892527
112.908892
112.925329
112.941836
112.958413
112.975061
112.991778
113.008564
113.025420
113.042345
113.059338
113.076400
113.093531
113.110729
113.127995
113.145328
113.162728
113.180195
113.197729
113.215330
113.232996
113.250729
113.268527
113.286390
113.304319
113.322312
113.340371
113.358493
113.376680
113.394931
113.413245
113.431623
113.450064
113.468568
113.487135
113.505764
113.524456
113.543209
113.562025
113.580902
113.599840
113.618839
113.637899
113.657020
113.676201
113.695442
113.714743
113.734104
113.753524
113.773003
113.792542
113.812139
113.831795
113.851509
113.871281
113.891112
113.910999
113.930945
113.950947
113.971007
113.991123
114.011296
114.031525
114.051810
114.072152
114.092549
114.113001
114.133509
114.154072
114.174690
114.195362
114.216089
114.236870
114.257705
114.278594
114.299536
114.320532
114.341581
114.362683
114.383838
114.405046
114.426305
114.447618
114.468982
114.490397
114.511865
114.533384
114.554953
114.576574
114.598246
114.619969
114.641741
114.663564
114.685437
114.707360
114.729332
114.751354
114.773425
114.795546
114.817715
114.839932
114.862199
114.884513
114.906876
114.929286
114.951745
114.974251
114.996804
115.019405
115.042052
115.064746
115.087487
115.110275
115.133109
115.155988
115.178914
115.201886
115.224903
115.247965
115.271073
115.294226
115.317424
115.340666
115.363953
115.387284
115.410660
115.434079
115.457543
115.481050
115.504600
115.528194
115.551831
115.575511
115.599234
115.622999
115.646807
115.670658
115.694550
115.718485
115.742461
115.766479
115.790539
115.814640
115.838782
115.862965
115.887189
115.911454
115.935759
115.960105
115.984491
116.008917
116.033383
116.057888
116.082434
116.107019
116.131643
116.156306
116.181008
116.205749
116.230529
116.255348
116.280204
116.305099
116.330032
116.355003
116.380012
116.405059
116.430143
116.455264
116.480423
116.505618
116.530851
116.556120
116.581426
116.606769
116.632147
116.657562
116.683013
116.708500
116.734023
116.759582
116.785175
116.810805
116.836469
116.862169
116.887903
116.913672
116.939476
116.965315
116.991188
117.017095
117.043036
117.069011
117.095020
117.121063
117.147139
117.173249
117.199392
117.225569
117.251778
117.278021
117.304296
117.330604
117.356944
117.383317
117.409722
117.436159
117.462628
117.489129
117.515662
117.542227
117.568823
117.595450
117.622109
117.648799
117.675520
117.702272
117.729054
117.755868
117.782712
117.809586
117.836490
117.863425
117.890390
117.917385
117.944409
117.971463
117.998547
118.025660
118.052803
118.079975
118.107175
118.134405
118.161664
118.188952
118.216268
118.243613
118.270986
118.298387
118.325817
118.353274
118.380760
118.408274
118.435815
118.463384
118.490980
118.518604
118.546255
118.573933
118.601638
118.629371
118.657130
118.684916
118.712728
118.740568
118.768433
118.796325
118.824243
118.852187
118.880157
118.908153
118.936175
118.964223
118.992296
119.020395
119.048519
119.076668
119.104842
119.133042
119.161266
119.189516
119.217790
119.246089
119.274412
119.302760
119.331132
119.359528
119.387949
119.416394
119.444862
119.473355
119.501871
119.530411
119.558975
119.587562
119.616172
119.644806
119.673463
119.702143
119.730846
119.759572
119.788321
119.817092
119.845886
119.874703
119.903542
119.932404
119.961287
119.990193
120.019121
120.048071
120.077043
120.106037
120.135052
120.164089
120.193148
120.222227
120.251329
120.280451
120.309595
120.338760
120.367946
120.397153
120.426380
120.455629
120.484898
120.514187
120.543497
120.572828
120.602179
120.631550
120.660941
120.690352
120.719783
120.749234
120.778705
120.808196
120.837706
120.867236
120.896785
120.926354
120.955942
120.985549
121.015175
121.044821
121.074485
121.104168
121.133871
121.163591
121.193331
121.223089
121.252866
121.282661
121.312474
121.342306
121.372156
121.402024
121.431910
121.461814
121.491736
121.521676
121.551634
121.581609
121.611601
121.641612
121.671639
121.701684
121.731747
121.761826
121.791923
121.822037
121.852167
121.882315
121.912479
121.942661
121.972858
122.003073
122.033304
122.063552
122.093816
122.124096
122.154393
122.184705
122.215034
122.245379
122.275740
122.306117
122.336510
122.366918
122.397342
122.427782
122.458237
122.488708
122.519195
122.549696
122.580213
122.610745
122.641293
122.671855
122.702432
122.733025
122.763632
122.794254
122.824891
122.855543
122.886209
122.916890
122.947585
122.978294
123.009019
123.039757
123.070509
123.101276
123.132057
123.162852
123.193661
123.224484
123.255320
123.286171
123.317035
123.347913
123.378804
123.409709
123.440628
123.471560
123.502505
123.533464
123.564436
123.595421
123.626419
123.657430
123.688454
123.719491
123.750541
123.781604
123.812680
123.843768
123.874869
123.905982
123.937108
123.968247
123.999398
124.030561
124.061737
124.092925
124.124125
124.155337
124.186561
124.217797
124.249045
124.280305
124.311577
124.342861
124.374156
124.405463
124.436782
124.468112
124.499454
124.530807
124.562171
124.593547
124.624934
124.656333
124.687742
124.719163
124.750595
124.782038
124.813491
124.844956
124.876432
124.907918
124.939415
124.970923
125.002441
125.033970
125.065510
125.097060
125.128621
125.160191
125.191773
125.223364
125.254966
125.286578
125.318200
125.349832
125.381474
125.413127
125.444789
125.476461
125.508142
125.539834
125.571535
125.603246
125.634967
125.666697
125.698437
125.730186
125.761945
125.793713
125.825490
125.857277
125.889073
125.920878
125.952693
125.984516
126.016348
126.048190
126.080040
126.111900
126.143768
126.175645
126.207531
126.239425
126.271329
126.303240
126.335161
126.367090
126.399027
126.430973
126.462928
126.494890
126.526861
126.558840
126.590828
126.622824
126.654827
126.686839
126.718859
126.750887
126.782923
126.814967
126.847018
126.879078
126.911145
126.943220
126.975303
127.007393
127.039491
127.071596
127.103709
127.135829
127.167957
127.200093
127.232235
127.264385
127.296542
127.328706
127.360878
127.393056
127.425242
127.457435
127.489635
127.521841
127.554055
127.586275
127.618502
127.650736
127.682977
127.715225
127.747479
127.779740
127.812007
127.844281
127.876561
127.908848
127.941141
127.973441
128.005746
128.038059
128.070377
128.102701
128.135032
128.167369
128.199712
128.232061
128.264416
128.296777
128.329143
128.361516
128.393894
128.426278
128.458668
128.491064
128.523465
128.555872
128.588285
128.620703
128.653126
128.685555
128.717989
128.750429
128.782874
128.815324
128.847779
128.880240
128.912706
128.945177
128.977653
129.010134
129.042620
129.075110
129.107606
129.140107
129.172612
129.205122
129.237637
129.270157
129.302681
129.335210
129.367743
129.400281
129.432823
129.465370
129.497921
129.530476
129.563036
129.595599
129.628167
129.660740
129.693316
129.725896
129.758480
129.791069
129.823661
129.856257
129.888856
129.921460
129.954067
129.986678
130.019293
130.051911
130.084532
130.117157
130.149786
130.182418
130.215053
130.247691
130.280333
130.312977
130.345625
130.378276
130.410930
130.443587
130.476247
130.508909
130.541574
130.574242
130.606913
130.639586
130.672262
130.704940
130.737621
130.770304
130.802989
130.835677
130.868367
130.901059
130.933752
130.966448
130.999146
131.031846
131.064547
131.097250
131.129955
131.162661
131.195369
131.228078
131.260788
131.293500
131.326213
131.358927
131.391642
131.424358
131.457075
131.489793
131.522511
131.555230
131.587949
131.620669
131.653390
131.686110
131.718831
131.751551
131.784272
131.816992
131.849713
131.882433
131.915152
131.947871
131.980589
132.013307
132.046023
132.078739
132.111453
132.144166
132.176878
132.209589
132.242297
132.275004
132.307709
132.340412
132.373113
132.405811
132.438508
132.471201
132.503892
132.536579
132.569264
132.601946
132.634624
132.667298
132.699969
132.732636
132.765299
132.797957
132.830611
132.863260
132.895905
132.928544
132.961178
132.993807
133.026430
133.059047
133.091657
133.124262
133.156860
133.189451
133.222034
133.254611
133.287179
133.319740
133.352293
133.384837
133.417372
133.449899
133.482416
133.514923
133.547420
133.579908
133.612384
133.644849
133.677303
133.709746
133.742176
133.774594
133.806999
133.839391
133.871770
133.904134
133.936484
133.968819
134.001139
134.033443
134.065731
134.098003
134.130257
134.162493
134.194711
134.226911
134.259092
134.291252
134.323393
134.355512
134.387611
134.419687
134.451741
134.483771
134.515778
134.547760
134.579717
