90.000000
90.041116
90.082137
90.123063
90.163896
90.204634
90.245278
90.285829
90.326287
90.366652
90.406924
90.447105
90.487193
90.527189
90.567094
90.606908
90.646631
90.686264
90.725806
90.765258
90.804620
90.843893
90.883077
90.922171
90.961178
91.000095
91.038925
91.077667
91.116321
91.154888
91.193368
91.231762
91.270069
91.308289
91.346424
91.384473
91.422437
91.460315
91.498109
91.535818
91.573443
91.610983
91.648440
91.685814
91.723104
91.760310
91.797435
91.834476
91.871436
91.908313
91.945109
91.981823
92.018456
92.055008
92.091479
92.127870
92.164180
92.200410
92.236561
92.272632
92.308624
92.344537
92.380371
92.416127
92.451804
92.487404
92.522925
92.558370
92.593736
92.629026
92.664239
92.699375
92.734435
92.769419
92.804327
92.839159
92.873916
92.908598
92.943205
92.977737
93.012195
93.046578
93.080888
93.115123
93.149286
93.183374
93.217390
93.251333
93.285203
93.319001
93.352727
93.386380
93.419962
93.453473
93.486912
93.520280
93.553577
93.586803
93.619959
93.653045
93.686061
93.719007
93.751884
93.784691
93.817429
93.850099
93.882699
93.915231
93.947695
93.980090
94.012418
94.044678
94.076871
94.108997
94.141055
94.173047
94.204972
94.236830
94.268623
94.300349
94.332010
94.363605
94.395135
94.426599
94.457999
94.489333
94.520604
94.551809
94.582951
94.614028
94.645042
94.675992
94.706879
94.737702
94.768463
94.799161
94.829796
94.860368
94.890878
94.921327
94.951713
94.982038
95.012301
95.042503
95.072643
95.102723
95.132742
95.162701
95.192599
95.222437
95.252215
95.281933
95.311591
95.341190
95.370730
95.400210
95.429632
95.458994
95.488299
95.517545
95.546732
95.575862
95.604934
95.633948
95.662904
95.691803
95.720645
95.749430
95.778158
95.806830
95.835445
95.864004
95.892506
95.920953
95.949344
95.977679
96.005959
96.034183
96.062352
96.090467
96.118526
96.146531
96.174481
96.202377
96.230219
96.258007
96.285741
96.313422
96.341048
96.368622
96.396142
96.423610
96.451024
96.478386
96.505695
96.532952
96.560156
96.587309
96.614409
96.641458
96.668455
96.695401
96.722295
96.749138
96.775930
96.802671
96.829362
96.856002
96.882591
96.909131
96.935620
96.962059
96.988448
97.014788
97.041078
97.067319
97.093510
97.119653
97.145746
97.171791
97.197787
97.223735
97.249634
97.275485
97.301287
97.327042
97.352749
97.378409
97.404020
97.429585
97.455102
97.480572
97.505995
97.531371
97.556701
97.581984
97.607220
97.632410
97.657554
97.682652
97.707704
97.732711
97.757671
97.782586
97.807456
97.832281
97.857060
97.881795
97.906484
97.931129
97.955729
97.980285
98.004797
98.029264
98.053687
98.078066
98.102402
98.126694
98.150942
98.175146
98.199308
98.223426
98.247501
98.271533
98.295522
98.319469
98.343373
98.367234
98.391053
98.414830
98.438565
98.462258
98.485909
98.509518
98.533085
98.556611
98.580096
98.603539
98.626941
98.650302
98.673623
98.696902
98.720141
98.743339
98.766496
98.789613
98.812690
98.835727
98.858724
98.881681
98.904598
98.927475
98.950313
98.973111
98.995870
99.018590
99.041270
99.063912
99.086515
99.109078
99.131604
99.154090
99.176538
99.198948
99.221319
99.243652
99.265947
99.288204
99.310424
99.332605
99.354749
99.376855
99.398924
99.420956
99.442950
99.464907
99.486827
99.508710
99.530557
99.552366
99.574139
99.595875
99.617575
99.639239
99.660867
99.682458
99.704013
99.725532
99.747016
99.768463
99.789876
99.811252
99.832593
99.853899
99.875169
99.896404
99.917604
99.938770
99.959900
99.980995
100.002056
100.023082
100.044074
100.065031
100.085954
100.106842
100.127697
100.148517
100.169304
100.190056
100.210775
100.231460
100.252111
100.272729
100.293314
100.313865
100.334383
100.354868
100.375319
100.395738
100.416123
100.436476
100.456796
100.477084
100.497339
100.517561
100.537751
100.557909
100.578034
100.598128
100.618189
100.638218
100.658216
100.678181
100.698115
100.718017
100.737888
100.757727
100.777535
100.797311
100.817056
100.836770
100.856453
100.876105
100.895726
100.915316
100.934875
100.954404
100.973902
100.993369
101.012806
101.032213
101.051589
101.070935
101.090251
101.109537
101.128793
101.148019
101.167215
101.186381
101.205518
101.224625
101.243703
101.262750
101.281769
101.300758
101.319718
101.338649
101.357551
101.376423
101.395267
101.414082
101.432868
101.451625
101.470353
101.489053
101.507724
101.526367
101.544982
101.563568
101.582126
101.600655
101.619157
101.637630
101.656076
101.674493
101.692883
101.711245
101.729579
101.747885
101.766164
101.784415
101.802639
101.820836
101.839005
101.857147
101.875261
101.893349
101.911409
101.929443
101.947449
101.965429
101.983382
102.001308
102.019207
102.037080
102.054926
102.072746
102.090539
102.108306
102.126046
102.143761
102.161449
102.179111
102.196746
102.214356
102.231940
102.249498
102.267030
102.284536
102.302017
102.319472
102.336901
102.354305
102.371683
102.389036
102.406364
102.423666
102.440943
102.458194
102.475421
102.492622
102.509799
102.526950
102.544076
102.561178
102.578255
102.595307
102.612334
102.629337
102.646315
102.663268
102.680197
102.697102
102.713982
102.730837
102.747669
102.764476
102.781259
102.798018
102.814753
102.831464
102.848151
102.864813
102.881452
102.898068
102.914659
102.931227
102.947771
102.964291
102.980788
102.997261
103.013711
103.030137
103.046540
103.062919
103.079275
103.095608
103.111918
103.128205
103.144468
103.160709
103.176926
103.193120
103.209292
103.225440
103.241566
103.257669
103.273749
103.289807
103.305841
103.321854
103.337843
103.353810
103.369755
103.385677
103.401576
103.417454
103.433309
103.449141
103.464952
103.480740
103.496506
103.512250
103.527971
103.543671
103.559349
103.575004
103.590638
103.606250
103.621840
103.637408
103.652955
103.668479
103.683982
103.699464
103.714923
103.730361
103.745778
103.761173
103.776546
103.791898
103.807228
103.822537
103.837825
103.853092
103.868337
103.883561
103.898763
103.913944
103.929105
103.944244
103.959362
103.974459
103.989534
104.004589
104.019623
104.034636
104.049628
104.064599
104.079549
104.094478
104.109387
104.124274
104.139141
104.153987
104.168813
104.183617
104.198401
104.213165
104.227908
104.242630
104.257331
104.272013
104.286673
104.301313
104.315933
104.330532
104.345110
104.359668
104.374206
104.388724
104.403221
104.417697
104.432154
104.446590
104.461005
104.475401
104.489776
104.504131
104.518465
104.532780
104.547074
104.561348
104.575602
104.589836
104.604049
104.618242
104.632416
104.646569
104.660701
104.674814
104.688907
104.702979
104.717032
104.731064
104.745076
104.759068
104.773040
104.786992
104.800924
104.814836
104.828728
104.842599
104.856451
104.870282
104.884093
104.897885
104.911656
104.925407
104.939137
104.952848
104.966539
104.980209
104.993859
105.007489
105.021099
105.034689
105.048258
105.061807
105.075336
105.088845
105.102333
105.115801
105.129249
105.142676
105.156083
105.169470
105.182836
105.196182
105.209507
105.222811
105.236095
105.249359
105.262602
105.275824
105.289025
105.302206
105.315365
105.328504
105.341622
105.354720
105.367796
105.380851
105.393885
105.406898
105.419889
105.432860
105.445809
105.458736
105.471642
105.484527
105.497390
105.510231
105.523051
105.535849
105.548625
105.561378
105.574110
105.586820
105.599507
105.612172
105.624815
105.637435
105.650032
105.662607
105.675158
105.687687
105.700193
105.712675
105.725134
105.737570
105.749982
105.762371
105.774735
105.787076
105.799392
105.811684
105.823952
105.836195
105.848413
105.860606
105.872775
105.884918
105.897035
105.909127
105.921193
105.933233
105.945247
105.957234
105.969195
105.981129
105.993036
106.004915
106.016767
106.028591
106.040388
106.052155
106.063895
106.075605
106.087287
106.098939
106.110561
106.122153
106.133715
106.145247
106.156748
106.168217
106.179655
106.191061
106.202435
106.213776
106.225085
106.236360
106.247601
106.258808
106.269980
106.281118
106.292220
106.303286
106.314317
106.325310
106.336266
106.347185
106.358065
106.368907
106.379709
106.390472
106.401195
106.411876
106.422517
106.433116
106.443672
106.454185
106.464654
106.475079
106.485459
106.495793
106.506081
106.516322
106.526516
106.536661
106.546757
106.556803
