nan nan nan 1568.832555 -157.873678
nan nan nan 1571.294893 -153.081023
nan nan nan 1573.755636 -148.288699
nan nan nan 1576.214780 -143.496707
nan nan nan 1578.672326 -138.705052
nan nan nan 1581.128272 -133.913736
nan nan nan 1583.582616 -129.122763
nan nan nan 1586.035358 -124.332135
nan nan nan 1588.486496 -119.541856
nan nan nan 1590.936029 -114.751928
nan nan nan 1593.383955 -109.962355
nan nan nan 1595.830275 -105.173140
nan nan nan 1598.274985 -100.384285
nan nan nan 1600.718085 -95.595795
nan nan nan 1603.159574 -90.807671
nan nan nan 1605.599450 -86.019917
nan nan nan 1608.037712 -81.232537
nan nan nan 1610.474359 -76.445533
nan nan nan 1612.909390 -71.658909
nan nan nan 1615.342803 -66.872667
nan nan nan 1617.774596 -62.086810
nan nan nan 1620.204769 -57.301342
nan nan nan 1622.633320 -52.516267
nan nan nan 1625.060248 -47.731586
nan nan nan 1627.485551 -42.947303
nan nan nan 1629.909229 -38.163422
nan nan nan 1632.331279 -33.379945
nan nan nan 1634.751701 -28.596875
nan nan nan 1637.170493 -23.814217
nan nan nan 1639.587653 -19.031972
nan nan nan 1642.003181 -14.250144
nan nan nan 1644.417075 -9.468736
nan nan nan 1646.829333 -4.687752
nan nan nan 1649.239954 0.092806
nan nan nan 1651.648937 4.872933
nan nan nan 1654.056281 9.652628
nan nan nan 1656.461983 14.431887
nan nan nan 1658.866043 19.210707
nan nan nan 1661.268458 23.989084
nan nan nan 1663.669229 28.767015
nan nan nan 1666.068352 33.544498
nan nan nan 1668.465827 38.321528
nan nan nan 1670.861652 43.098103
nan nan nan 1673.255826 47.874220
nan nan nan 1675.648348 52.649874
nan nan nan 1678.039215 57.425064
nan nan nan 1680.428427 62.199785
nan nan nan 1682.815981 66.974035
nan nan nan 1685.201877 71.747810
nan nan nan 1687.586113 76.521107
nan nan nan 1689.968687 81.293923
nan nan nan 1692.349598 86.066254
nan nan nan 1694.728844 90.838097
nan nan nan 1697.106424 95.609450
nan nan nan 1699.482336 100.380308
nan nan nan 1701.856579 105.150668
nan nan nan 1704.229152 109.920528
nan nan nan 1706.600052 114.689883
nan nan nan 1708.969278 119.458731
nan nan nan 1711.336829 124.227068
nan nan nan 1713.702702 128.994891
nan nan nan 1716.066897 133.762197
nan nan nan 1718.429412 138.528982
nan nan nan 1720.790245 143.295243
nan nan nan 1723.149395 148.060976
nan nan nan 1725.506860 152.826179
nan nan nan 1727.862638 157.590848
nan nan nan 1730.216729 162.354980
nan nan nan 1732.569129 167.118571
nan nan nan 1734.919838 171.881617
nan nan nan 1737.268854 176.644117
nan nan nan 1739.616176 181.406066
nan nan nan 1741.961801 186.167460
nan nan nan 1744.305728 190.928297
nan nan nan 1746.647956 195.688574
nan nan nan 1748.988483 200.448286
nan nan nan 1751.327307 205.207430
nan nan nan 1753.664426 209.966004
nan nan nan 1755.999839 214.724003
nan nan nan 1758.333544 219.481424
nan nan nan 1760.665539 224.238264
nan nan nan 1762.995824 228.994520
nan nan nan 1765.324395 233.750187
nan nan nan 1767.651252 238.505264
nan nan nan 1769.976392 243.259745
nan nan nan 1772.299815 248.013628
nan nan nan 1774.621517 252.766909
nan nan nan 1776.941498 257.519586
nan nan nan 1779.259756 262.271654
nan nan nan 1781.576289 267.023109
nan nan nan 1783.891095 271.773950
nan nan nan 1786.204173 276.524171
nan nan nan 1788.515521 281.273770
nan nan nan 1790.825136 286.022743
nan nan nan 1793.133018 290.771087
nan nan nan 1795.439165 295.518798
nan nan nan 1797.743574 300.265873
nan nan nan 1800.046244 305.012308
nan nan nan 1802.347173 309.758100
nan nan nan 1804.646360 314.503245
nan nan nan 1806.943802 319.247740
nan nan nan 1809.239498 323.991581
nan nan nan 1811.533447 328.734765
nan nan nan 1813.825645 333.477288
nan nan nan 1816.116091 338.219147
nan nan nan 1818.404784 342.960338
nan nan nan 1820.691722 347.700857
nan nan nan 1822.976903 352.440702
nan nan nan 1825.260325 357.179869
nan nan nan 1827.541985 361.918353
nan nan nan 1829.821884 366.656152
nan nan nan 1832.100017 371.393262
nan nan nan 1834.376385 376.129679
nan nan nan 1836.650983 380.865400
nan nan nan 1838.923812 385.600421
nan nan nan 1841.194869 390.334739
nan nan nan 1843.464152 395.068350
nan nan nan 1845.731659 399.801250
nan nan nan 1847.997389 404.533437
nan nan nan 1850.261339 409.264905
nan nan nan 1852.523507 413.995653
nan nan nan 1854.783892 418.725675
nan nan nan 1857.042492 423.454969
nan nan nan 1859.299304 428.183531
nan nan nan 1861.554327 432.911357
nan nan nan 1863.807560 437.638443
nan nan nan 1866.058999 442.364787
nan nan nan 1868.308643 447.090383
nan nan nan 1870.556490 451.815230
nan nan nan 1872.802538 456.539323
nan nan nan 1875.046786 461.262658
nan nan nan 1877.289231 465.985231
nan nan nan 1879.529871 470.707040
nan nan nan 1881.768704 475.428080
nan nan nan 1884.005728 480.148348
nan nan nan 1886.240942 484.867840
nan nan nan 1888.474343 489.586552
nan nan nan 1890.705929 494.304481
nan nan nan 1892.935699 499.021623
nan nan nan 1895.163650 503.737974
nan nan nan 1897.389780 508.453530
nan nan nan 1899.614088 513.168289
nan nan nan 1901.836571 517.882245
nan nan nan 1904.057227 522.595396
nan nan nan 1906.276054 527.307738
nan nan nan 1908.493050 532.019267
nan nan nan 1910.708213 536.729979
nan nan nan 1912.921542 541.439870
nan nan nan 1915.133033 546.148937
nan nan nan 1917.342686 550.857176
nan nan nan 1919.550497 555.564583
nan nan nan 1921.756465 560.271154
nan nan nan 1923.960588 564.976887
nan nan nan 1926.162864 569.681776
nan nan nan 1928.363290 574.385818
nan nan nan 1930.561865 579.089009
nan nan nan 1932.758586 583.791346
nan nan nan 1934.953452 588.492825
nan nan nan 1937.146459 593.193442
nan nan nan 1939.337607 597.893193
nan nan nan 1941.526893 602.592074
nan nan nan 1943.714315 607.290081
nan nan nan 1945.899870 611.987212
nan nan nan 1948.083557 616.683461
nan nan nan 1950.265374 621.378825
nan nan nan 1952.445318 626.073300
nan nan nan 1954.623387 630.766882
nan nan nan 1956.799579 635.459568
nan nan nan 1958.973892 640.151354
nan nan nan 1961.146324 644.842235
nan nan nan 1963.316873 649.532208
nan nan nan 1965.485536 654.221269
nan nan nan 1967.652311 658.909415
nan nan nan 1969.817196 663.596640
nan nan nan 1971.980190 668.282942
nan nan nan 1974.141289 672.968316
nan nan nan 1976.300491 677.652759
nan nan nan 1978.457795 682.336267
nan nan nan 1980.613198 687.018835
nan nan nan 1982.766698 691.700460
nan nan nan 1984.918293 696.381138
nan nan nan 1987.067980 701.060865
nan nan nan 1989.215758 705.739636
nan nan nan 1991.361624 710.417449
nan nan nan 1993.505575 715.094299
nan nan nan 1995.647610 719.770183
nan nan nan 1997.787727 724.445095
nan nan nan 1999.925923 729.119033
nan nan nan 2002.062195 733.791992
nan nan nan 2004.196543 738.463969
nan nan nan 2006.328962 743.134958
nan nan nan 2008.459452 747.804957
nan nan nan 2010.588010 752.473962
nan nan nan 2012.714633 757.141968
nan nan nan 2014.839320 761.808971
nan nan nan 2016.962067 766.474968
nan nan nan 2019.082874 771.139954
nan nan nan 2021.201737 775.803925
nan nan nan 2023.318654 780.466878
nan nan nan 2025.433623 785.128808
nan nan nan 2027.546641 789.789711
nan nan nan 2029.657707 794.449583
nan nan nan 2031.766818 799.108421
nan nan nan 2033.873972 803.766220
nan nan nan 2035.979165 808.422975
nan nan nan 2038.082397 813.078684
nan nan nan 2040.183665 817.733342
nan nan nan 2042.282966 822.386944
nan nan nan 2044.380298 827.039488
nan nan nan 2046.475658 831.690968
nan nan nan 2048.569045 836.341380
nan nan nan 2050.660456 840.990721
nan nan nan 2052.749889 845.638987
nan nan nan 2054.837341 850.286172
nan nan nan 2056.922810 854.932274
nan nan nan 2059.006293 859.577288
nan nan nan 2061.087789 864.221210
nan nan nan 2063.167294 868.864036
nan nan nan 2065.244807 873.505761
nan nan nan 2067.320325 878.146382
nan nan nan 2069.393845 882.785894
nan nan nan 2071.465366 887.424293
nan nan nan 2073.534884 892.061576
nan nan nan 2075.602399 896.697737
nan nan nan 2077.667906 901.332773
nan nan nan 2079.731403 905.966679
nan nan nan 2081.792889 910.599452
nan nan nan 2083.852361 915.231087
nan nan nan 2085.909816 919.861580
nan nan nan 2087.965252 924.490927
nan nan nan 2090.018667 929.119123
nan nan nan 2092.070058 933.746164
nan nan nan 2094.119422 938.372047
nan nan nan 2096.166758 942.996766
nan nan nan 2098.212063 947.620318
nan nan nan 2100.255333 952.242699
nan nan nan 2102.296568 956.863903
nan nan nan 2104.335764 961.483928
nan nan nan 2106.372919 966.102768
nan nan nan 2108.408030 970.720419
nan nan nan 2110.441096 975.336878
nan nan nan 2112.472113 979.952139
nan nan nan 2114.501079 984.566199
nan nan nan 2116.527991 989.179054
nan nan nan 2118.552848 993.790698
nan nan nan 2120.575646 998.401128
nan nan nan 2122.596384 1003.010339
nan nan nan 2124.615058 1007.618328
nan nan nan 2126.631666 1012.225089
nan nan nan 2128.646205 1016.830619
nan nan nan 2130.658674 1021.434913
nan nan nan 2132.669070 1026.037966
nan nan nan 2134.677389 1030.639775
nan nan nan 2136.683630 1035.240335
nan nan nan 2138.687790 1039.839642
nan nan nan 2140.689866 1044.437691
nan nan nan 2142.689856 1049.034478
nan nan nan 2144.687758 1053.629999
nan nan nan 2146.683568 1058.224249
nan nan nan 2148.677285 1062.817224
nan nan nan 2150.668905 1067.408919
nan nan nan 2152.658427 1071.999331
nan nan nan 2154.645848 1076.588454
nan nan nan 2156.631164 1081.176285
nan nan nan 2158.614374 1085.762818
nan nan nan 2160.595475 1090.348050
nan nan nan 2162.574464 1094.931976
nan nan nan 2164.551340 1099.514591
nan nan nan 2166.526098 1104.095892
nan nan nan 2168.498737 1108.675873
nan nan nan 2170.469254 1113.254530
nan nan nan 2172.437647 1117.831860
nan nan nan 2174.403912 1122.407856
nan nan nan 2176.368048 1126.982516
nan nan nan 2178.330051 1131.555834
nan nan nan 2180.289920 1136.127806
nan nan nan 2182.247651 1140.698427
nan nan nan 2184.203241 1145.267693
nan nan nan 2186.156689 1149.835600
nan nan nan 2188.107992 1154.402142
nan nan nan 2190.057147 1158.967316
nan nan nan 2192.004151 1163.531117
nan nan nan 2193.949002 1168.093540
nan nan nan 2195.891697 1172.654581
nan nan nan 2197.832233 1177.214235
nan nan nan 2199.770608 1181.772498
nan nan nan 2201.706820 1186.329365
nan nan nan 2203.640865 1190.884832
nan nan nan 2205.572741 1195.438894
nan nan nan 2207.502445 1199.991546
nan nan nan 2209.429975 1204.542785
nan nan nan 2211.355328 1209.092604
nan nan nan 2213.278501 1213.641000
nan nan nan 2215.199492 1218.187969
nan nan nan 2217.118297 1222.733505
nan nan nan 2219.034915 1227.277604
nan nan nan 2220.949343 1231.820261
nan nan nan 2222.861577 1236.361472
nan nan nan 2224.771616 1240.901232
nan nan nan 2226.679456 1245.439536
nan nan nan 2228.585095 1249.976380
nan nan nan 2230.488530 1254.511759
nan nan nan 2232.389759 1259.045669
nan nan nan 2234.288779 1263.578104
nan nan nan 2236.185586 1268.109061
nan nan nan 2238.080179 1272.638534
nan nan nan 2239.972555 1277.166519
nan nan nan 2241.862710 1281.693011
nan nan nan 2243.750643 1286.218005
nan nan nan 2245.636351 1290.741497
nan nan nan 2247.519830 1295.263482
nan nan nan 2249.401078 1299.783955
nan nan nan 2251.280093 1304.302912
nan nan nan 2253.156871 1308.820348
nan nan nan 2255.031411 1313.336258
nan nan nan 2256.903708 1317.850637
nan nan nan 2258.773761 1322.363480
nan nan nan 2260.641567 1326.874784
nan nan nan 2262.507122 1331.384543
nan nan nan 2264.370425 1335.892751
nan nan nan 2266.231472 1340.399406
nan nan nan 2268.090261 1344.904501
nan nan nan 2269.946789 1349.408032
nan nan nan 2271.801053 1353.909995
nan nan nan 2273.653050 1358.410383
nan nan nan 2275.502779 1362.909193
nan nan nan 2277.350235 1367.406420
nan nan nan 2279.195416 1371.902059
nan nan nan 2281.038320 1376.396105
nan nan nan 2282.878943 1380.888553
nan nan nan 2284.717283 1385.379399
nan nan nan 2286.553337 1389.868637
nan nan nan 2288.387103 1394.356263
nan nan nan 2290.218576 1398.842272
nan nan nan 2292.047756 1403.326658
nan nan nan 2293.874639 1407.809418
nan nan nan 2295.699221 1412.290546
nan nan nan 2297.521501 1416.770037
nan nan nan 2299.341476 1421.247887
nan nan nan 2301.159142 1425.724090
nan nan nan 2302.974497 1430.198642
nan nan nan 2304.787538 1434.671537
nan nan nan 2306.598263 1439.142771
nan nan nan 2308.406668 1443.612339
nan nan nan 2310.212751 1448.080236
nan nan nan 2312.016509 1452.546457
nan nan nan 2313.817938 1457.010996
nan nan nan 2315.617037 1461.473850
nan nan nan 2317.413803 1465.935013
nan nan nan 2319.208232 1470.394479
nan nan nan 2321.000322 1474.852245
nan nan nan 2322.790070 1479.308305
nan nan nan 2324.577473 1483.762654
nan nan nan 2326.362528 1488.215287
nan nan nan 2328.145233 1492.666199
nan nan nan 2329.925584 1497.115385
nan nan nan 2331.703580 1501.562841
nan nan nan 2333.479216 1506.008560
nan nan nan 2335.252490 1510.452538
nan nan nan 2337.023400 1514.894770
nan nan nan 2338.791942 1519.335251
nan nan nan 2340.558113 1523.773975
nan nan nan 2342.321912 1528.210939
nan nan nan 2344.083334 1532.646136
nan nan nan 2345.842377 1537.079561
nan nan nan 2347.599039 1541.511210
nan nan nan 2349.353315 1545.941078
nan nan nan 2351.105205 1550.369158
nan nan nan 2352.854703 1554.795447
nan nan nan 2354.601809 1559.219939
nan nan nan 2356.346519 1563.642628
nan nan nan 2358.088829 1568.063510
nan nan nan 2359.828738 1572.482580
nan nan nan 2361.566242 1576.899833
nan nan nan 2363.301338 1581.315263
nan nan nan 2365.034024 1585.728864
nan nan nan 2366.764296 1590.140633
nan nan nan 2368.492153 1594.550564
nan nan nan 2370.217590 1598.958651
nan nan nan 2371.940605 1603.364889
nan nan nan 2373.661195 1607.769274
nan nan nan 2375.379358 1612.171800
nan nan nan 2377.095090 1616.572461
nan nan nan 2378.808389 1620.971253
nan nan nan 2380.519251 1625.368170
nan nan nan 2382.227674 1629.763208
nan nan nan 2383.933655 1634.156360
nan nan nan 2385.637191 1638.547621
nan nan nan 2387.338278 1642.936987
nan nan nan 2389.036916 1647.324452
nan nan nan 2390.733099 1651.710011
nan nan nan 2392.426826 1656.093658
nan nan nan 2394.118093 1660.475388
nan nan nan 2395.806898 1664.855196
nan nan nan 2397.493238 1669.233076
nan nan nan 2399.177109 1673.609024
nan nan nan 2400.858509 1677.983034
nan nan nan 2402.537436 1682.355100
nan nan nan 2404.213885 1686.725217
nan nan nan 2405.887855 1691.093381
nan nan nan 2407.559342 1695.459584
nan nan nan 2409.228344 1699.823823
nan nan nan 2410.894857 1704.186092
nan nan nan 2412.558879 1708.546385
nan nan nan 2414.220406 1712.904696
nan nan nan 2415.879437 1717.261022
nan nan nan 2417.535967 1721.615356
nan nan nan 2419.189994 1725.967692
nan nan nan 2420.841516 1730.318026
nan nan nan 2422.490528 1734.666351
nan nan nan 2424.137029 1739.012663
nan nan nan 2425.781016 1743.356956
nan nan nan 2427.422485 1747.699225
nan nan nan 2429.061433 1752.039464
nan nan nan 2430.697858 1756.377667
nan nan nan 2432.331758 1760.713830
nan nan nan 2433.963127 1765.047946
nan nan nan 2435.591965 1769.380010
nan nan nan 2437.218268 1773.710017
nan nan nan 2438.842034 1778.037961
nan nan nan 2440.463258 1782.363837
nan nan nan 2442.081939 1786.687638
nan nan nan 2443.698073 1791.009361
nan nan nan 2445.311658 1795.328998
nan nan nan 2446.922691 1799.646545
nan nan nan 2448.531168 1803.961995
nan nan nan 2450.137087 1808.275344
nan nan nan 2451.740446 1812.586586
nan nan nan 2453.341240 1816.895715
nan nan nan 2454.939467 1821.202725
nan nan nan 2456.535125 1825.507611
nan nan nan 2458.128210 1829.810368
nan nan nan 2459.718720 1834.110989
nan nan nan 2461.306651 1838.409469
nan nan nan 2462.892001 1842.705803
nan nan nan 2464.474767 1846.999984
nan nan nan 2466.054946 1851.292008
nan nan nan 2467.632534 1855.581868
nan nan nan 2469.207530 1859.869559
nan nan nan 2470.779930 1864.155075
nan nan nan 2472.349732 1868.438410
nan nan nan 2473.916932 1872.719559
nan nan nan 2475.481528 1876.998516
nan nan nan 2477.043516 1881.275275
nan nan nan 2478.602894 1885.549831
nan nan nan 2480.159660 1889.822177
nan nan nan 2481.713809 1894.092309
nan nan nan 2483.265340 1898.360220
nan nan nan 2484.814249 1902.625904
nan nan nan 2486.360533 1906.889356
nan nan nan 2487.904190 1911.150570
nan nan nan 2489.445217 1915.409540
nan nan nan 2490.983611 1919.666261
nan nan nan 2492.519369 1923.920726
nan nan nan 2494.052489 1928.172930
nan nan nan 2495.582966 1932.422867
nan nan nan 2497.110799 1936.670531
nan nan nan 2498.635985 1940.915916
nan nan nan 2500.158521 1945.159016
nan nan nan 2501.678404 1949.399826
nan nan nan 2503.195631 1953.638340
nan nan nan 2504.710199 1957.874551
nan nan nan 2506.222106 1962.108454
nan nan nan 2507.731348 1966.340043
nan nan nan 2509.237924 1970.569312
nan nan nan 2510.741829 1974.796255
nan nan nan 2512.243062 1979.020867
nan nan nan 2513.741619 1983.243140
nan nan nan 2515.237498 1987.463070
nan nan nan 2516.730696 1991.680650
nan nan nan 2518.221209 1995.895875
nan nan nan 2519.709037 2000.108738
nan nan nan 2521.194174 2004.319233
nan nan nan 2522.676620 2008.527355
nan nan nan 2524.156370 2012.733097
nan nan nan 2525.633422 2016.936453
nan nan nan 2527.107774 2021.137417
nan nan nan 2528.579423 2025.335984
nan nan nan 2530.048365 2029.532147
nan nan nan 2531.514599 2033.725900
nan nan nan 2532.978121 2037.917238
nan nan nan 2534.438929 2042.106153
nan nan nan 2535.897020 2046.292640
nan nan nan 2537.352391 2050.476693
nan nan nan 2538.805040 2054.658306
nan nan nan 2540.254963 2058.837472
nan nan nan 2541.702159 2063.014186
nan nan nan 2543.146624 2067.188440
nan nan nan 2544.588356 2071.360230
nan nan nan 2546.027352 2075.529550
nan nan nan 2547.463610 2079.696391
nan nan nan 2548.897126 2083.860750
nan nan nan 2550.327898 2088.022619
nan nan nan 2551.755924 2092.181992
nan nan nan 2553.181201 2096.338863
nan nan nan 2554.603726 2100.493225
nan nan nan 2556.023497 2104.645074
nan nan nan 2557.440511 2108.794401
nan nan nan 2558.854765 2112.941202
nan nan nan 2560.266257 2117.085469
nan nan nan 2561.674984 2121.227197
nan nan nan 2563.080944 2125.366379
nan nan nan 2564.484134 2129.503009
nan nan nan 2565.884552 2133.637080
nan nan nan 2567.282195 2137.768587
nan nan nan 2568.677060 2141.897522
nan nan nan 2570.069146 2146.023880
nan nan nan 2571.458449 2150.147655
nan nan nan 2572.844967 2154.268839
nan nan nan 2574.228697 2158.387426
nan nan nan 2575.609638 2162.503410
nan nan nan 2576.987786 2166.616785
nan nan nan 2578.363140 2170.727545
nan nan nan 2579.735696 2174.835682
nan nan nan 2581.105453 2178.941190
nan nan nan 2582.472408 2183.044063
nan nan nan 2583.836558 2187.144295
nan nan nan 2585.197902 2191.241878
nan nan nan 2586.556437 2195.336807
nan nan nan 2587.912160 2199.429075
nan nan nan 2589.265069 2203.518675
nan nan nan 2590.615163 2207.605602
nan nan nan 2591.962438 2211.689847
nan nan nan 2593.306892 2215.771405
nan nan nan 2594.648524 2219.850270
nan nan nan 2595.987331 2223.926434
nan nan nan 2597.323310 2227.999892
nan nan nan 2598.656460 2232.070636
nan nan nan 2599.986778 2236.138659
nan nan nan 2601.314263 2240.203956
nan nan nan 2602.638912 2244.266520
nan nan nan 2603.960722 2248.326344
nan nan nan 2605.279692 2252.383420
nan nan nan 2606.595821 2256.437744
nan nan nan 2607.909104 2260.489307
nan nan nan 2609.219542 2264.538104
nan nan nan 2610.527131 2268.584127
nan nan nan 2611.831870 2272.627370
nan nan nan 2613.133757 2276.667826
nan nan nan 2614.432789 2280.705488
nan nan nan 2615.728966 2284.740350
nan nan nan 2617.022284 2288.772405
nan nan nan 2618.312743 2292.801645
nan nan nan 2619.600340 2296.828065
nan nan nan 2620.885074 2300.851657
nan nan nan 2622.166942 2304.872414
nan nan nan 2623.445943 2308.890330
nan nan nan 2624.722076 2312.905398
nan nan nan 2625.995338 2316.917611
nan nan nan 2627.265728 2320.926962
nan nan nan 2628.533245 2324.933443
nan nan nan 2629.797886 2328.937049
nan nan nan 2631.059650 2332.937773
nan nan nan 2632.318536 2336.935606
nan nan nan 2633.574543 2340.930543
nan nan nan 2634.827668 2344.922576
nan nan nan 2636.077910 2348.911698
nan nan nan 2637.325268 2352.897903
nan nan nan 2638.569741 2356.881183
nan nan nan 2639.811326 2360.861531
nan nan nan 2641.050024 2364.838941
nan nan nan 2642.285833 2368.813404
nan nan nan 2643.518751 2372.784915
nan nan nan 2644.748778 2376.753466
nan nan nan 2645.975911 2380.719049
nan nan nan 2647.200152 2384.681658
nan nan nan 2648.421497 2388.641286
nan nan nan 2649.639947 2392.597925
nan nan nan 2650.855500 2396.551568
nan nan nan 2652.068155 2400.502209
nan nan nan 2653.277912 2404.449839
nan nan nan 2654.484770 2408.394451
nan nan nan 2655.688728 2412.336040
nan nan nan 2656.889786 2416.274596
nan nan nan 2658.087942 2420.210112
nan nan nan 2659.283197 2424.142583
nan nan nan 2660.475550 2428.071999
nan nan nan 2661.665000 2431.998355
nan nan nan 2662.851547 2435.921642
nan nan nan 2664.035190 2439.841853
nan nan nan 2665.215930 2443.758980
nan nan nan 2666.393767 2447.673018
nan nan nan 2667.568699 2451.583957
nan nan nan 2668.740727 2455.491790
nan nan nan 2669.909852 2459.396511
nan nan nan 2671.076072 2463.298111
nan nan nan 2672.239389 2467.196584
nan nan nan 2673.399802 2471.091921
nan nan nan 2674.557312 2474.984115
nan nan nan 2675.711919 2478.873159
nan nan nan 2676.863624 2482.759044
nan nan nan 2678.012426 2486.641764
nan nan nan 2679.158327 2490.521311
nan nan nan 2680.301328 2494.397677
nan nan nan 2681.441429 2498.270855
nan nan nan 2682.578631 2502.140836
nan nan nan 2683.712935 2506.007614
nan nan nan 2684.844342 2509.871180
nan nan nan 2685.972853 2513.731527
nan nan nan 2687.098469 2517.588647
nan nan nan 2688.221193 2521.442532
nan nan nan 2689.341024 2525.293175
nan nan nan 2690.457965 2529.140568
nan nan nan 2691.572018 2532.984703
nan nan nan 2692.683184 2536.825571
nan nan nan 2693.791465 2540.663166
nan nan nan 2694.896862 2544.497479
nan nan nan 2695.999379 2548.328503
nan nan nan 2697.099018 2552.156230
nan nan nan 2698.195780 2555.980651
nan nan nan 2699.289668 2559.801758
nan nan nan 2700.380685 2563.619544
nan nan nan 2701.468834 2567.434001
nan nan nan 2702.554117 2571.245121
nan nan nan 2703.636538 2575.052895
nan nan nan 2704.716099 2578.857315
nan nan nan 2705.792804 2582.658374
nan nan nan 2706.866656 2586.456064
nan nan nan 2707.937659 2590.250375
nan nan nan 2709.005817 2594.041301
nan nan nan 2710.071134 2597.828832
nan nan nan 2711.133613 2601.612961
nan nan nan 2712.193260 2605.393679
nan nan nan 2713.250077 2609.170978
nan nan nan 2714.304071 2612.944850
nan nan nan 2715.355245 2616.715287
nan nan nan 2716.403605 2620.482280
nan nan nan 2717.449157 2624.245820
nan nan nan 2718.491904 2628.005900
nan nan nan 2719.531853 2631.762511
nan nan nan 2720.569010 2635.515645
nan nan nan 2721.603380 2639.265293
nan nan nan 2722.634971 2643.011447
nan nan nan 2723.663787 2646.754098
nan nan nan 2724.689836 2650.493237
nan nan nan 2725.713125 2654.228857
nan nan nan 2726.733661 2657.960949
nan nan nan 2727.751451 2661.689503
nan nan nan 2728.766503 2665.414511
nan nan nan 2729.778824 2669.135966
nan nan nan 2730.788423 2672.853857
nan nan nan 2731.795309 2676.568177
nan nan nan 2732.799489 2680.278916
nan nan nan 2733.800973 2683.986066
nan nan nan 2734.799770 2687.689618
nan nan nan 2735.795890 2691.389563
nan nan nan 2736.789343 2695.085892
nan nan nan 2737.780138 2698.778597
nan nan nan 2738.768286 2702.467669
nan nan nan 2739.753798 2706.153098
nan nan nan 2740.736686 2709.834877
nan nan nan 2741.716960 2713.512994
nan nan nan 2742.694633 2717.187443
nan nan nan 2743.669717 2720.858214
nan nan nan 2744.642224 2724.525297
nan nan nan 2745.612168 2728.188683
nan nan nan 2746.579562 2731.848365
nan nan nan 2747.544419 2735.504331
nan nan nan 2748.506755 2739.156574
nan nan nan 2749.466583 2742.805084
nan nan nan 2750.423919 2746.449852
nan nan nan 2751.378778 2750.090868
nan nan nan 2752.331176 2753.728123
nan nan nan 2753.281130 2757.361609
nan nan nan 2754.228657 2760.991315
nan nan nan 2755.173774 2764.617232
nan nan nan 2756.116499 2768.239352
nan nan nan 2757.056851 2771.857664
nan nan nan 2757.994849 2775.472159
nan nan nan 2758.930512 2779.082827
nan nan nan 2759.863860 2782.689660
nan nan nan 2760.794915 2786.292647
nan nan nan 2761.723698 2789.891779
nan nan nan 2762.650230 2793.487047
nan nan nan 2763.574535 2797.078441
nan nan nan 2764.496635 2800.665951
nan nan nan 2765.416554 2804.249568
nan nan nan 2766.334318 2807.829281
nan nan nan 2767.249951 2811.405083
nan nan nan 2768.163479 2814.976961
nan nan nan 2769.074929 2818.544908
nan nan nan 2769.984329 2822.108912
nan nan nan 2770.891707 2825.668965
nan nan nan 2771.797091 2829.225056
nan nan nan 2772.700513 2832.777176
nan nan nan 2773.602002 2836.325315
nan nan nan 2774.501591 2839.869463
nan nan nan 2775.399311 2843.409610
nan nan nan 2776.295197 2846.945746
nan nan nan 2777.189282 2850.477862
nan nan nan 2778.081601 2854.005947
nan nan nan 2778.972192 2857.529991
nan nan nan 2779.861091 2861.049985
nan nan nan 2780.748337 2864.565918
nan nan nan 2781.633969 2868.077780
nan nan nan 2782.518028 2871.585562
nan nan nan 2783.400554 2875.089254
nan nan nan 2784.281591 2878.588844
nan nan nan 2785.161184 2882.084325
nan nan nan 2786.039375 2885.575684
nan nan nan 2786.916214 2889.062913
nan nan nan 2787.791746 2892.546002
nan nan nan 2788.666021 2896.024939
nan nan nan 2789.539089 2899.499716
nan nan nan 2790.411002 2902.970322
nan nan nan 2791.281812 2906.436747
nan nan nan 2792.151576 2909.898981
nan nan nan 2793.020347 2913.357014
nan nan nan 2793.888184 2916.810837
nan nan nan 2794.755147 2920.260438
nan nan nan 2795.621294 2923.705809
nan nan nan 2796.486690 2927.146939
nan nan nan 2797.351398 2930.583818
nan nan nan 2798.215484 2934.016436
nan nan nan 2799.079015 2937.444784
nan nan nan 2799.942061 2940.868852
nan nan nan 2800.804692 2944.288629
nan nan nan 2801.666982 2947.704106
nan nan nan 2802.529006 2951.115274
nan nan nan 2803.390842 2954.522122
nan nan nan 2804.252567 2957.924642
nan nan nan 2805.114264 2961.322823
nan nan nan 2805.976015 2964.716655
nan nan nan 2806.837907 2968.106130
nan nan nan 2807.700028 2971.491239
nan nan nan 2808.562466 2974.871971
nan nan nan 2809.425316 2978.248317
nan nan nan 2810.288672 2981.620269
nan nan nan 2811.152631 2984.987817
nan nan nan 2812.017293 2988.350953
nan nan nan 2812.882762 2991.709667
nan nan nan 2813.749142 2995.063951
nan nan nan 2814.616542 2998.413795
nan nan nan 2815.485072 3001.759193
nan nan nan 2816.354847 3005.100134
nan nan nan 2817.225981 3008.436612
nan nan nan 2818.098596 3011.768617
nan nan nan 2818.972814 3015.096143
nan nan nan 2819.848761 3018.419180
nan nan nan 2820.726565 3021.737722
nan nan nan 2821.606360 3025.051761
nan nan nan 2822.488279 3028.361290
nan nan nan 2823.372463 3031.666301
nan nan nan 2824.259054 3034.966788
nan nan nan 2825.148197 3038.262745
nan nan nan 2826.040043 3041.554165
nan nan nan 2826.934744 3044.841041
nan nan nan 2827.832457 3048.123368
nan nan nan 2828.733343 3051.401141
nan nan nan 2829.637567 3054.674353
nan nan nan 2830.545297 3057.943001
nan nan nan 2831.456706 3061.207078
nan nan nan 2832.371970 3064.466581
nan nan nan 2833.291271 3067.721505
nan nan nan 2834.214793 3070.971848
nan nan nan 2835.142726 3074.217604
nan nan nan 2836.075264 3077.458773
nan nan nan 2837.012604 3080.695349
nan nan nan 2837.954950 3083.927333
nan nan nan 2838.902508 3087.154721
nan nan nan 2839.855491 3090.377512
nan nan nan 2840.814114 3093.595706
nan nan nan 2841.778600 3096.809302
nan nan nan 2842.749173 3100.018300
