nan
nan
nan
nan
nan
nan
nan
nan
nan
nan
nan
nan
nan
nan
nan
nan
nan
nan
nan
nan
nan
nan
nan
nan
nan
nan
nan
nan
nan
nan
nan
nan
nan
nan
nan
nan
nan
nan
nan
nan
nan
nan
nan
nan
nan
nan
nan
nan
nan
nan
nan
nan
nan
nan
nan
nan
nan
nan
nan
nan
nan
nan
nan
nan
nan
nan
nan
nan
nan
nan
nan
nan
nan
nan
nan
nan
nan
nan
nan
919707
7267.779269
7265.634049
7263.484048
7261.329269
7259.169712
7257.005379
7254.836270
7252.662387
7250.483731
7248.300303
7246.112105
7243.919137
7241.721401
7239.518898
7237.311629
7235.099596
7232.882799
7230.661240
7228.434919
7226.203839
7223.968000
7221.727403
7219.482050
7217.231941
7214.977079
7212.717463
7210.453095
7208.183977
7205.910109
7203.631493
7201.348129
7199.060019
7196.767164
7194.469566
7192.167224
7189.860141
7187.548317
7185.231753
7182.910452
7180.584413
7178.253638
7175.918128
7173.577884
7171.232907
7168.883199
7166.528760
7164.169591
7161.805694
7159.437069
7157.063719
7154.685643
7152.302843
7149.915320
7147.523074
7145.126108
7142.724422
7140.318018
7137.906895
7135.491056
7133.070502
7130.645232
7128.215250
7125.780554
7123.341148
7120.897030
7118.448204
7115.994669
7113.536427
7111.073479
7108.605825
7106.133467
7103.656406
7101.174643
7098.688179
7096.197015
7093.701151
7091.200589
7088.695331
7086.185376
7083.670726
7081.151382
7078.627344
7076.098615
7073.565194
7071.027084
7068.484284
7065.936796
7063.384620
7060.827759
7058.266212
7055.699981
7053.129066
7050.553470
7047.973191
7045.388233
7042.798595
7040.204278
7037.605284
7035.001613
7032.393266
7029.780245
7027.162550
7024.540182
7021.913142
7019.281431
7016.645050
7014.004000
7011.358282
7008.707897
7006.052845
7003.393127
7000.728746
6998.059700
6995.385992
6992.707622
6990.024591
6987.336901
6984.644551
6981.947543
6979.245877
6976.539556
6973.828578
6971.112947
6968.392661
6965.667723
6962.938132
6960.203891
6957.464999
6954.721458
6951.973269
6949.220432
6946.462948
6943.700818
6940.934043
6938.162625
6935.386562
6932.605858
6929.820512
6927.030525
6924.235898
6921.436632
6918.632728
6915.824187
6913.011009
6910.193195
6907.370746
6904.543664
6901.711948
6898.875600
6896.034620
6893.189010
6890.338769
6887.483900
6884.624402
6881.760276
6878.891524
6876.018146
6873.140143
6870.257516
6867.370265
6864.478392
6861.581896
6858.680780
6855.775043
6852.864687
6849.949711
6847.030118
6844.105908
6841.177082
6838.243639
6835.305582
6832.362911
6829.415626
6826.463729
6823.507220
6820.546100
6817.580370
6814.610030
6811.635082
6808.655525
6805.671362
6802.682591
6799.689215
6796.691234
6793.688649
6790.681460
6787.669668
6784.653274
6781.632279
6778.606683
6775.576487
6772.541692
6769.502299
6766.458308
6763.409720
6760.356536
6757.298756
6754.236381
6751.169412
6748.097849
6745.021694
6741.940947
6738.855608
6735.765679
6732.671160
6729.572051
6726.468354
6723.360069
6720.247197
6717.129739
6714.007694
6710.881065
6707.749851
6704.614053
6701.473672
6698.328709
6695.179164
6692.025038
6688.866331
6685.703045
6682.535179
6679.362735
6676.185714
6673.004115
6669.817939
6666.627188
6663.431862
6660.231961
6657.027487
6653.818439
6650.604818
6647.386626
6644.163862
6640.936528
6637.704623
6634.468149
6631.227107
6627.981496
6624.731317
6621.476572
6618.217261
6614.953383
6611.684941
6608.411935
6605.134364
6601.852231
6598.565534
6595.274276
6591.978457
6588.678076
6585.373136
6582.063636
6578.749577
6575.430959
6572.107784
6568.780052
6565.447763
6562.110918
6558.769518
6555.423563
6552.073053
6548.717990
6545.358374
6541.994206
6538.625485
6535.252213
6531.874391
6528.492018
6525.105096
6521.713624
6518.317604
6514.917037
6511.511922
6508.102260
6504.688051
6501.269298
6497.845999
6494.418155
6490.985768
6487.548837
6484.107363
6480.661346
6477.210788
6473.755689
6470.296049
6466.831869
6463.363149
6459.889890
6456.412093
6452.929757
6449.442884
6445.951474
6442.455528
6438.955046
6435.450028
6431.940475
6428.426389
6424.907768
6421.384614
6417.856928
6414.324709
6410.787959
6407.246677
6403.700865
6400.150522
6396.595650
6393.036249
6389.472319
6385.903861
6382.330875
6378.753363
6375.171324
6371.584758
6367.993667
6364.398051
6360.797911
6357.193246
6353.584058
6349.970347
6346.352113
6342.729357
6339.102079
6335.470280
6331.833961
6328.193122
6324.547763
6320.897884
6317.243487
6313.584572
6309.921140
6306.253190
6302.580723
6298.903740
6295.222241
6291.536228
6287.845699
6284.150656
6280.451099
6276.747029
6273.038446
6269.325350
6265.607743
6261.885624
6258.158994
6254.427853
6250.692203
6246.952043
6243.207374
6239.458196
6235.704510
6231.946317
6228.183616
6224.416409
6220.644695
6216.868475
6213.087750
6209.302521
6205.512787
6201.718548
6197.919807
6194.116562
6190.308815
6186.496566
6182.679815
6178.858563
6175.032811
6171.202558
6167.367805
6163.528554
6159.684803
6155.836554
6151.983807
6148.126563
6144.264822
6140.398584
6136.527850
6132.652621
6128.772897
6124.888678
6120.999965
6117.106758
6113.209058
6109.306866
6105.400181
6101.489004
6097.573336
6093.653177
6089.728528
6085.799389
6081.865760
6077.927642
6073.985036
6070.037942
6066.086361
6062.130292
6058.169737
6054.204696
6050.235169
6046.261157
6042.282661
6038.299680
6034.312216
6030.320269
6026.323839
6022.322927
6018.317533
6014.307658
6010.293302
6006.274466
6002.251151
5998.223356
5994.191083
5990.154331
5986.113102
5982.067396
5978.017213
5973.962555
5969.903420
5965.839811
5961.771727
5957.699170
5953.622138
5949.540634
5945.454658
5941.364210
5937.269290
5933.169900
5929.066040
5924.957710
5920.844912
5916.727644
5912.605909
5908.479707
5904.349037
5900.213902
5896.074301
5891.930235
5887.781705
5883.628711
5879.471254
5875.309335
5871.142953
5866.972110
5862.796806
5858.617043
5854.432820
5850.244138
5846.050998
5841.853401
5837.651346
5833.444836
5829.233870
5825.018450
5820.798575
5816.574247
5812.345466
5808.112234
5803.874550
5799.632415
5795.385831
5791.134798
5786.879316
5782.619387
5778.355011
5774.086190
5769.812922
5765.535211
5761.253056
5756.966458
5752.675418
5748.379937
5744.080016
5739.775655
5735.466856
5731.153619
5726.835946
5722.513836
5718.187291
5713.856313
5709.520901
5705.181057
5700.836782
5696.488077
5692.134943
5687.777380
5683.415390
5679.048975
5674.678134
5670.302869
5665.923181
5661.539071
5657.150540
5652.757590
5648.360222
5643.958436
5639.552234
5635.141617
5630.726586
5626.307144
5621.883290
5617.455026
5613.022353
5608.585274
5604.143788
5599.697898
5595.247605
5590.792910
5586.333814
5581.870320
5577.402429
5572.930142
5568.453460
5563.972386
5559.486921
5554.997066
5550.502824
5546.004195
5541.501182
5536.993786
5532.482009
5527.965853
5523.445319
5518.920410
5514.391128
5509.857474
5505.319450
5500.777059
5496.230302
5491.679181
5487.123700
5482.563858
5477.999660
5473.431107
5468.858202
5464.280946
5459.699343
5455.113394
5450.523103
5445.928471
5441.329501
5436.726196
5432.118558
5427.506591
5422.890296
5418.269677
5413.644737
5409.015479
5404.381905
5399.744018
5395.101823
5390.455321
5385.804517
5381.149413
5376.490013
5371.826320
5367.158339
5362.486071
5357.809522
5353.128695
5348.443593
5343.754221
5339.060583
5334.362682
5329.660523
5324.954110
5320.243447
5315.528540
5310.809391
5306.086007
5301.358391
5296.626549
5291.890485
5287.150204
5282.405712
5277.657014
5272.904115
5268.147020
5263.385736
5258.620267
5253.850620
5249.076801
5244.298816
5239.516671
5234.730372
5229.939927
5225.145341
5220.346621
5215.543775
5210.736809
5205.925731
5201.110548
5196.291268
5191.467898
5186.640448
5181.808924
5176.973334
5172.133689
5167.289996
5162.442264
5157.590502
5152.734720
5147.874927
5143.011133
5138.143348
5133.271582
5128.395845
5123.516149
5118.632504
5113.744922
5108.853413
5103.957990
5099.058665
5094.155450
5089.248358
5084.337401
5079.422592
5074.503946
5069.581476
5064.655196
5059.725121
5054.791266
5049.853645
5044.912275
5039.967170
5035.018349
5030.065827
5025.109621
5020.149750
5015.186231
5010.219082
5005.248322
5000.273972
4995.296049
4990.314576
4985.329572
4980.341059
4975.349059
4970.353594
4965.354687
4960.352361
4955.346641
4950.337552
4945.325118
4940.309365
4935.290320
4930.268011
4925.242464
4920.213710
4915.181776
4910.146694
4905.108494
4900.067207
4895.022866
4889.975504
4884.925156
4879.871855
4874.815639
4869.756543
4864.694605
4859.629864
4854.562359
4849.492131
4844.419222
4839.343674
4834.265531
4829.184838
4824.101641
4819.015987
4813.927924
4808.837503
4803.744773
4798.649788
4793.552601
4788.453266
4783.351841
4778.248382
4773.142949
4768.035604
4762.926408
4757.815425
4752.702721
4747.588363
4742.472420
4737.354964
4732.236066
4727.115800
4721.994245
4716.871476
4711.747576
4706.622627
4701.496712
4696.369919
4691.242336
4686.114055
4680.985168
4675.855773
4670.725966
4665.595849
4660.465525
4655.335100
4650.204683
4645.074384
4639.944318
4634.814602
4629.685355
4624.556701
4619.428765
4614.301677
4609.175568
4604.050574
4598.926834
4593.804489
4588.683687
4583.564574
4578.447306
4573.332037
4568.218928
4563.108143
4557.999850
4552.894220
4547.791430
4542.691659
4537.595092
4532.501916
4527.412324
4522.326514
4517.244686
4512.167046
4507.093805
4502.025179
4496.961385
4491.902650
4486.849201
