nan
nan
nan
nan
nan
nan
nan
nan
nan
nan
nan
nan
nan
nan
nan
nan
nan
nan
nan
nan
nan
nan
nan
nan
nan
nan
nan
nan
nan
nan
nan
nan
nan
nan
nan
nan
nan
nan
nan
nan
nan
nan
nan
nan
nan
nan
nan
nan
nan
nan
nan
nan
nan
nan
nan
nan
nan
nan
nan
nan
nan
nan
nan
nan
nan
nan
nan
nan
nan
nan
nan
nan
nan
nan
nan
nan
nan
nan
nan
482805
4337.851327
4341.216993
4344.579802
4347.939750
4351.296836
4354.651057
4358.002411
4361.350895
4364.696508
4368.039246
4371.379107
4374.716090
4378.050191
4381.381409
4384.709741
4388.035184
4391.357737
4394.677396
4397.994160
4401.308026
4404.618992
4407.927056
4411.232214
4414.534465
4417.833807
4421.130236
4424.423751
4427.714349
4431.002028
4434.286785
4437.568618
4440.847525
4444.123502
4447.396549
4450.666662
4453.933839
4457.198078
4460.459375
4463.717730
4466.973138
4470.225599
4473.475109
4476.721666
4479.965268
4483.205912
4486.443596
4489.678318
4492.910074
4496.138863
4499.364681
4502.587528
4505.807399
4509.024293
4512.238208
4515.449140
4518.657088
4521.862049
4525.064020
4528.262999
4531.458984
4534.651971
4537.841960
4541.028946
4544.212928
4547.393904
4550.571870
4553.746824
4556.918764
4560.087687
4563.253591
4566.416474
4569.576332
4572.733163
4575.886965
4579.037736
4582.185472
4585.330172
4588.471832
4591.610451
4594.746025
4597.878552
4601.008031
4604.134457
4607.257829
4610.378144
4613.495400
4616.609594
4619.720723
4622.828785
4625.933778
4629.035699
4632.134545
4635.230314
4638.323003
4641.412609
4644.499131
4647.582566
4650.662910
4653.740162
4656.814318
4659.885377
4662.953336
4666.018192
4669.079942
4672.138585
4675.194116
4678.246535
4681.295837
4684.342022
4687.385085
4690.425025
4693.461838
4696.495523
4699.526076
4702.553495
4705.577777
4708.598920
4711.616922
4714.631778
4717.643488
4720.652048
4723.657455
4726.659707
4729.658802
4732.654736
4735.647507
4738.637112
4741.623549
4744.606815
4747.586908
4750.563824
4753.537561
4756.508117
4759.475488
4762.439673
4765.400667
4768.358469
4771.313077
4774.264486
4777.212695
4780.157701
4783.099501
4786.038093
4788.973473
4791.905640
4794.834590
4797.760320
4800.682828
4803.602112
4806.518168
4809.430994
4812.340587
4815.246944
4818.150062
4821.049940
4823.946573
4826.839960
4829.730097
4832.616982
4835.500612
4838.380985
4841.258096
4844.131945
4847.002528
4849.869841
4852.733883
4855.594651
4858.452142
4861.306352
4864.157280
4867.004922
4869.849276
4872.690339
4875.528108
4878.362580
4881.193752
4884.021622
4886.846187
4889.667444
4892.485390
4895.300022
4898.111337
4900.919333
4903.724007
4906.525356
4909.323377
4912.118066
4914.909423
4917.697442
4920.482123
4923.263461
4926.041454
4928.816099
4931.587393
4934.355333
4937.119916
4939.881140
4942.639001
4945.393497
4948.144625
4950.892382
4953.636764
4956.377769
4959.115395
4961.849637
4964.580494
4967.307962
4970.032039
4972.752720
4975.470005
4978.183888
4980.894368
4983.601442
4986.305107
4989.005359
4991.702196
4994.395614
4997.085611
4999.772184
5002.455330
5005.135046
5007.811328
5010.484174
5013.153581
5015.819546
5018.482065
5021.141136
5023.796756
5026.448922
5029.097630
5031.742878
5034.384663
5037.022981
5039.657830
5042.289207
5044.917107
5047.541529
5050.162470
5052.779926
5055.393894
5058.004371
5060.611354
5063.214840
5065.814826
5068.411308
5071.004285
5073.593752
5076.179706
5078.762145
5081.341065
5083.916463
5086.488336
5089.056681
5091.621495
5094.182774
5096.740516
5099.294717
5101.845375
5104.392485
5106.936046
5109.476053
5112.012503
5114.545394
5117.074722
5119.600484
5122.122677
5124.641297
5127.156342
5129.667809
5132.175693
5134.679992
5137.180702
5139.677821
5142.171345
5144.661271
5147.147596
5149.630316
5152.109428
5154.584930
5157.056816
5159.525086
5161.989734
5164.450759
5166.908156
5169.361922
5171.812055
5174.258550
5176.701405
5179.140615
5181.576179
5184.008093
5186.436352
5188.860955
5191.281897
5193.699175
5196.112786
5198.522727
5200.928995
5203.331585
5205.730494
5208.125720
5210.517259
5212.905107
5215.289261
5217.669718
5220.046474
5222.419527
5224.788871
5227.154505
5229.516424
5231.874626
5234.229107
5236.579863
5238.926891
5241.270188
5243.609750
5245.945573
5248.277655
5250.605992
5252.930579
5255.251415
5257.568495
5259.881816
5262.191375
5264.497167
5266.799190
5269.097440
5271.391913
5273.682606
5275.969516
5278.252638
5280.531970
5282.807507
5285.079247
5287.347186
5289.611319
5291.871644
5294.128158
5296.380855
5298.629734
5300.874790
5303.116019
5305.353419
5307.586985
5309.816714
5312.042603
5314.264647
5316.482843
5318.697187
5320.907676
5323.114307
5325.317075
5327.515976
5329.711008
5331.902167
5334.089448
5336.272848
5338.452364
5340.627992
5342.799727
5344.967567
5347.131508
5349.291545
5351.447676
5353.599896
5355.748202
5357.892590
5360.033056
5362.169596
5364.302208
5366.430886
5368.555627
5370.676428
5372.793284
5374.906192
5377.015148
5379.120149
5381.221189
5383.318267
5385.411376
5387.500515
5389.585679
5391.666864
5393.744066
5395.817282
5397.886507
5399.951738
5402.012970
5404.070201
5406.123426
5408.172640
5410.217841
5412.259024
5414.296186
5416.329322
5418.358428
5420.383501
5422.404537
5424.421531
5426.434479
5428.443379
5430.448225
5432.449013
5434.445740
5436.438402
5438.426995
5440.411514
5442.391956
5444.368316
5446.340591
5448.308776
5450.272867
5452.232861
5454.188753
5456.140539
5458.088216
5460.031778
5461.971222
5463.906544
5465.837739
5467.764804
5469.687734
5471.606525
5473.521173
5475.431674
5477.338024
5479.240219
5481.138253
5483.032124
5484.921827
5486.807357
5488.688711
5490.565884
5492.438872
5494.307671
5496.172276
5498.032683
5499.888889
5501.740888
5503.588676
5505.432250
5507.271604
5509.106735
5510.937638
5512.764309
5514.586743
5516.404936
5518.218885
5520.028583
5521.834027
5523.635213
5525.432137
5527.224793
5529.013177
5530.797286
5532.577114
5534.352657
5536.123910
5537.890870
5539.653531
5541.411890
5543.165942
5544.915681
5546.661105
5548.402207
5550.138984
5551.871432
5553.599545
5555.323318
5557.042749
5558.757831
5560.468560
5562.174933
5563.876943
5565.574586
5567.267859
5568.956755
5570.641271
5572.321402
5573.997144
5575.668490
5577.335437
5578.997981
5580.656116
5582.309837
5583.959141
5585.604021
5587.244474
5588.880495
5590.512078
5592.139220
5593.761915
5595.380158
5596.993945
5598.603270
5600.208130
5601.808518
5603.404431
5604.995863
5606.582809
5608.165265
5609.743225
5611.316685
5612.885640
5614.450085
5616.010014
5617.565423
5619.116307
5620.662660
5622.204478
5623.741756
5625.274489
5626.802671
5628.326298
5629.845364
5631.359865
5632.869795
5634.375149
5635.875922
5637.372109
5638.863704
5640.350703
5641.833100
5643.310890
5644.784069
5646.252629
5647.716568
5649.175878
5650.630555
5652.080594
5653.525989
5654.966735
5656.402826
5657.834258
5659.261024
5660.683120
5662.100540
5663.513279
5664.921331
5666.324691
5667.723354
5669.117313
5670.506563
5671.891100
5673.270917
5674.646008
5676.016369
5677.381994
5678.742877
5680.099012
5681.450394
5682.797017
5684.138877
5685.475966
5686.808279
5688.135811
5689.458555
5690.776507
5692.089660
5693.398008
5694.701547
5696.000269
5697.294169
5698.583242
5699.867481
5701.146880
5702.421434
5703.691137
5704.955982
5706.215965
5707.471077
5708.721315
5709.966671
5711.207141
5712.442716
5713.673393
5714.899163
5716.120022
5717.335963
5718.546980
5719.753067
5720.954218
5722.150426
5723.341685
5724.527989
5725.709331
5726.885706
5728.057106
5729.223526
5730.384959
5731.541399
5732.692839
5733.839273
5734.980694
5736.117096
5737.248473
5738.374817
5739.496122
5740.612382
5741.723590
5742.829740
5743.930824
5745.026836
5746.117769
5747.203616
5748.284372
5749.360028
5750.430579
5751.496017
5752.556335
5753.611527
5754.661585
5755.706503
5756.746274
5757.780890
5758.810345
5759.834632
5760.853743
5761.867672
5762.876410
5763.879952
5764.878290
5765.871417
5766.859325
5767.842007
5768.819456
5769.791665
5770.758626
5771.720332
5772.676775
5773.627948
5774.573844
5775.514455
5776.449774
5777.379793
5778.304504
5779.223900
5780.137973
5781.046716
5781.950121
5782.848181
5783.740886
5784.628231
5785.510207
5786.386806
5787.258020
5788.123842
5788.984264
5789.839277
5790.688875
5791.533048
5792.371789
5793.205091
5794.032944
5794.855342
5795.672275
5796.483736
5797.289718
5798.090211
5798.885207
5799.674699
5800.458679
5801.237137
5802.010067
5802.777460
5803.539307
5804.295601
5805.046333
5805.791495
5806.531079
5807.265077
5807.993480
5808.716281
5809.433470
5810.145041
5810.850984
5811.551291
5812.245955
5812.934966
5813.618318
5814.296002
5814.968009
5815.634332
5816.294963
5816.949893
5817.599115
5818.242621
5818.880402
5819.512451
5820.138761
5820.759322
5821.374129
5821.983172
5822.586445
5823.183940
5823.775650
5824.361567
5824.941684
5825.515994
5826.084490
5826.647165
5827.204012
5827.755024
5828.300196
5828.839520
5829.372990
5829.900601
5830.422345
5830.938218
5831.448214
5831.952327
5832.450552
5832.942885
5833.429320
5833.909852
5834.384478
5834.853194
5835.315995
5835.772878
5836.223841
5836.668879
5837.107990
5837.541173
5837.968425
5838.389744
5838.805130
5839.214581
5839.618098
5840.015680
5840.407327
5840.793042
5841.172824
5841.546677
