nan
nan
nan
nan
nan
nan
nan
nan
nan
nan
nan
nan
nan
nan
nan
nan
nan
nan
nan
nan
nan
nan
nan
nan
nan
nan
nan
nan
nan
nan
nan
nan
nan
nan
nan
nan
nan
nan
nan
nan
nan
nan
nan
nan
nan
nan
nan
nan
nan
nan
nan
nan
nan
nan
nan
nan
nan
nan
nan
nan
nan
nan
nan
nan
nan
nan
nan
nan
nan
nan
nan
nan
nan
nan
nan
nan
nan
nan
nan
818
2.784403
2.853988
2.923570
2.993150
3.062728
3.132304
3.201878
3.271450
3.341020
3.410587
3.480153
3.549716
3.619276
3.688834
3.758390
3.827943
3.897493
3.967041
4.036587
4.106129
4.175669
4.245206
4.314740
4.384272
4.453800
4.523326
4.592848
4.662367
4.731884
4.801397
4.870907
4.940413
5.009917
5.079417
5.148913
5.218407
5.287896
5.357382
5.426865
5.496344
5.565819
5.635291
5.704759
5.774223
5.843683
5.913139
5.982592
6.052040
6.121484
6.190924
6.260360
6.329792
6.399220
6.468643
6.538062
6.607477
6.676887
6.746293
6.815695
6.885091
6.954484
7.023871
7.093254
7.162632
7.232005
7.301374
7.370738
7.440096
7.509450
7.578799
7.648142
7.717481
7.786814
7.856142
7.925465
7.994783
8.064095
8.133402
8.202703
8.271999
8.341290
8.410575
8.479854
8.549127
8.618395
8.687657
8.756913
8.826164
8.895408
8.964646
9.033879
9.103105
9.172326
9.241540
9.310748
9.379949
9.449145
9.518334
9.587517
9.656693
9.725863
9.795026
9.864183
9.933333
10.002476
10.071613
10.140743
10.209866
10.278982
10.348091
10.417193
10.486289
10.555377
10.624458
10.693532
10.762599
10.831659
10.900711
10.969756
11.038794
11.107824
11.176847
11.245862
11.314869
11.383869
11.452862
11.521846
11.590823
11.659792
11.728753
11.797706
11.866651
11.935589
12.004518
12.073439
12.142352
12.211256
12.280153
12.349041
12.417921
12.486792
12.555655
12.624509
12.693355
12.762193
12.831021
12.899841
12.968653
13.037455
13.106249
13.175033
13.243809
13.312576
13.381334
13.450082
13.518822
13.587552
13.656273
13.724985
13.793688
13.862381
13.931065
13.999739
14.068404
14.137059
14.205704
14.274340
14.342966
14.411583
14.480189
14.548786
14.617373
14.685950
14.754517
14.823073
14.891620
14.960156
15.028683
15.097199
15.165704
15.234200
15.302684
15.371159
15.439623
15.508076
15.576519
15.644951
15.713372
15.781783
15.850183
15.918571
15.986949
16.055316
16.123672
16.192017
16.260351
16.328674
16.396985
16.465285
16.533574
16.601852
16.670118
16.738372
16.806615
16.874847
16.943067
17.011275
17.079471
17.147656
17.215829
17.283990
17.352139
17.420276
17.488401
17.556514
17.624614
17.692703
17.760779
17.828844
17.896895
17.964935
18.032961
18.100976
18.168978
18.236967
18.304944
18.372908
18.440859
18.508797
18.576722
18.644635
18.712535
18.780421
18.848295
18.916155
18.984002
19.051836
19.119657
19.187465
19.255259
19.323039
19.390806
19.458560
19.526300
19.594026
19.661739
19.729438
19.797123
19.864794
19.932451
20.000095
20.067724
20.135339
20.202940
20.270527
20.338100
20.405659
20.473203
20.540733
20.608248
20.675749
20.743235
20.810707
20.878164
20.945606
21.013033
21.080446
21.147844
21.215227
21.282595
21.349948
21.417285
21.484608
21.551915
21.619208
21.686485
21.753746
21.820992
21.888223
21.955438
22.022637
22.089821
22.156989
22.224142
22.291279
22.358399
22.425504
22.492593
22.559666
22.626723
22.693764
22.760788
22.827796
22.894788
22.961764
23.028723
23.095666
23.162592
23.229502
23.296395
23.363271
23.430130
23.496973
23.563799
23.630608
23.697400
23.764175
23.830933
23.897673
23.964397
24.031103
24.097792
24.164464
24.231118
24.297754
24.364373
24.430975
24.497559
24.564125
24.630673
24.697204
24.763716
24.830211
24.896688
24.963146
25.029587
25.096009
25.162413
25.228799
25.295166
25.361515
25.427846
25.494157
25.560451
25.626726
25.692982
25.759219
25.825437
25.891637
25.957817
26.023979
26.090121
26.156245
26.222349
26.288434
26.354500
26.420546
26.486573
26.552580
26.618568
26.684536
26.750485
26.816414
26.882323
26.948212
27.014081
27.079931
27.145760
27.211569
27.277358
27.343127
27.408875
27.474604
27.540311
27.605999
27.671666
27.737312
27.802937
27.868542
27.934126
27.999690
28.065232
28.130753
28.196254
28.261733
28.327191
28.392628
28.458044
28.523438
28.588811
28.654162
28.719492
28.784801
28.850087
28.915352
28.980595
29.045817
29.111016
29.176193
29.241349
29.306482
29.371593
29.436682
29.501748
29.566792
29.631814
29.696813
29.761790
29.826744
29.891675
29.956584
30.021469
30.086332
30.151172
30.215989
30.280782
30.345553
30.410300
30.475024
30.539725
30.604402
30.669056
30.733686
30.798292
30.862875
30.927434
30.991969
31.056480
31.120967
31.185430
31.249869
31.314284
31.378675
31.443041
31.507383
31.571700
31.635993
31.700261
31.764504
31.828723
31.892917
31.957086
32.021230
32.085349
32.149443
32.213511
32.277555
32.341573
32.405565
32.469533
32.533474
32.597390
32.661280
32.725145
32.788984
32.852796
32.916583
32.980344
33.044078
33.107786
33.171468
33.235124
33.298753
33.362356
33.425932
33.489481
33.553004
33.616500
33.679969
33.743410
33.806825
33.870213
33.933573
33.996907
34.060212
34.123491
34.186741
34.249965
34.313160
34.376328
34.439467
34.502579
34.565663
34.628719
34.691746
34.754746
34.817717
34.880659
34.943573
35.006458
35.069315
35.132143
35.194942
35.257712
35.320453
35.383165
35.445848
35.508502
35.571126
35.633720
35.696285
35.758821
35.821327
35.883803
35.946249
36.008665
36.071051
36.133406
36.195732
36.258027
36.320292
36.382526
36.444730
36.506902
36.569044
36.631156
36.693236
36.755285
36.817302
36.879289
36.941244
37.003168
37.065060
37.126920
37.188748
37.250545
37.312310
37.374042
37.435743
37.497411
37.559046
37.620650
37.682220
37.743758
37.805263
37.866735
37.928174
37.989580
38.050953
38.112292
38.173598
38.234870
38.296109
38.357314
38.418485
38.479622
38.540724
38.601793
38.662827
38.723827
38.784792
38.845722
38.906617
38.967478
39.028303
39.089093
39.149848
39.210567
39.271251
39.331899
39.392511
39.453087
39.513627
39.574131
39.634599
39.695030
39.755424
39.815782
39.876102
39.936386
39.996632
40.056841
40.117012
40.177146
40.237242
40.297301
40.357321
40.417303
40.477246
40.537151
40.597017
40.656845
40.716633
40.776382
40.836092
40.895763
40.955393
41.014984
41.074535
41.134046
41.193516
41.252946
41.312335
41.371683
41.430991
41.490257
41.549481
41.608664
41.667805
41.726904
41.785961
41.844975
41.903947
41.962876
42.021762
42.080605
42.139404
42.198159
42.256871
42.315538
42.374162
42.432740
42.491274
42.549763
42.608206
42.666604
42.724956
42.783263
42.841522
42.899736
42.957902
43.016022
43.074094
43.132119
43.190095
43.248024
43.305904
43.363735
43.421517
43.479250
43.536933
43.594567
43.652150
43.709682
43.767164
43.824594
43.881972
43.939299
43.996573
44.053795
44.110964
44.168079
44.225140
44.282147
44.339100
44.395998
44.452840
44.509627
44.566357
44.623031
44.679648
44.736207
44.792709
44.849152
44.905536
44.961860
45.018125
45.074330
45.130473
45.186555
45.242576
45.298533
45.354428
45.410260
45.466027
45.521729
45.577366
45.632938
45.688442
45.743880
45.799250
45.854551
45.909783
45.964945
46.020037
46.075058
46.130006
46.184882
46.239685
46.294413
46.349066
46.403643
46.458144
46.512567
46.566911
46.621177
46.675362
46.729466
46.783489
46.837428
46.891283
46.945053
46.998738
47.052335
47.105844
47.159265
47.212594
47.265833
47.318979
47.372031
47.424988
47.477849
47.530613
47.583278
47.635843
47.688306
47.740667
47.792923
47.845074
47.897118
47.949053
48.000879
48.052592
48.104193
48.155679
48.207048
48.258299
48.309430
48.360440
48.411326
48.462087
48.512720
48.563225
48.613599
48.663840
48.713946
48.763915
48.813745
48.863433
48.912978
48.962378
49.011630
49.060732
49.109681
